717

172 241143,12.44,11,52,11, 1131332311137,.1113111(9.1.11Π1
Π2’9,11,1131112111’(333.1’1.’111511, 32,.1 VH 12,11 231311915012
11121111 1111111, 1111111131. 111211 13121131, 1131,

11.)124,13,111112,.11715,,27Π 7Π28,.1 1313(351.’11.1715,’14.
3177 13113111331111411 13131131181. 76,1, 11311313,
7’,48,2 1131113(351.11.1’111,11’,7 Γ]19,1.’Π110,.111415,1Ἦ1131111
111123 1131111(11.31.11,111 11.),,Π111 1131133Π2,271,
25,,11125212531Π8191 37, Ι,11, 1131113151, f.) 71 12, 12,
(3111131111,1311311121,13111112111332 231111121111 (n
1,,272.Π1411421152191ο 11.,17181.1133111111111111(3331111
2112613 2812 1111 1213 14,2 15313ΙΙ1137Π88111101113-
15,’2,24,112511231,1134,, 1111131351 1111153 23, 11. 7127,
3,,1 1’13,111,1,22’,,23,1’31,,11111311111311 7777777777
’2,39, 13. 74 8 77. 31, 3. 7 39, 1 VH (3111112511.13111211131Π11Π,
77, 1,. 33131, 7'7, 7. 77, 7 77, 77. 132,,.’ 1311111111 3311111)
32802381283188211331113 25,,112
(2.31111112,12,13,11,2311131111] 1131116, 10 1133111 126, 17. 11115,
(111.)”’112,11.’26,2,39,2,40,.12 11 10. 7’231,,71125,·.2’26,,,23612’
4,1,11,12 Π117,1119,,,12111, [41,21. ’114331112311111331
22,1,2’4,.1111134,11351.719,713113133713381531
2211145171281330117Π 71181. 74111, 13 42 12 77 71
22, 1, 62, 12. 80, 7 nostra'rum ΠΙ 113313 Ι 26, 13 21,1,12.40,11 Π
13,1.11122,1113311112111,1..1111,’3.111’13,.123,13.1111
52;.,’,,..1311932611Π152ΠΠ 4,.,13281329μ17’.8,140,1, 46,
1413201253293134171,’49,.358,.241Ι41,1,711’1’8,.1
32’1,’.,’33114311.7’Π5,.13’50,.3 28133924526038128811
70, 7. 7 77, 71 ’85, 12 1311111111.) noctium 7118’,.3 1133131 (33317
Π1’ 13,23.44,,1 4331133113,122,13,13.
11, 23,’11. 25, 77. 26,2 240, 23 44, noxa VI 17 11.
12452(511)11471492ΙΙ81 1105011111) 13411118,.11
9,12, 10,71.9, 13 13. 24,, 27, 10 nudentur VH 70, 17. nudari 7 377.
331 1149, 11,’20, 11, 2311 2411 nudatus 3111162 11113313(.13,’1.1
2812 Π11’12,1’324,1’,,.’,30132 1Π4,,3 nuda7um(m.·.)VH44,7
,1’,134 791,11(11,17,’, 11311313 7Π46 13 1133113151 111
37,.’354,1.’,.5837141’17Π’18, 112311
2 41 1, 49, 7 50, 7 51,’11 67,’1 1111137121, 13. 1111331351 111125
72,3. 80, 13. 81, 7. 17. 84'7 11311131 13 71147, 17.
11',.337',V297.VH16,.7 nostra nullus VI 23, 1 711 4112. nulla (11.
(330],11117 119719 1224 12 7771111787713 1740754
7191744731. 11331141 351’.111 137121, 71.37‚7.37,7.‚'.397 714
115325134111113,2,33,1712261111”111111111’,11’Π114,
11ΠΙ4251141120122811 77 15171341 111111(.111 111314
29111Π12131125234176,.,.’,.235137Π2013113113(11)
15’311,,.,2611402 ,48,,1.1’50,3 7113,’3. 1111111111(11.1Π15,271
51,2,,58271118,’3,61’,2,771136,.31111113111126134321
11311111 (351 77111’9, 71. ’24, 17 V 32’ 3. ΠΠ8, 1, 734,2, 712313.
441,71173,.,.11.2791(11’124,1, 7111717771777’1471777777.)
26,.13 17,11.','.‚.,.v551vl371771121
1311143 (11.) 71 24, 12 notitiam 71 10 119,11.’20,23.42,’2,1111113(3’51.
2113 111111112Π1613 71122140
1133311118,,,,1Π4217125136,,2 12.1111115733,.,.,.1421581715,11.
1131133321411(11,117Π55,1, 1131133411 7Π4Ο,2 ,’65, 11. 77, 7. nullo (351 ’.111
7Π14,1.55,12,Ν3313332112(333.1 11111,11.7’29,11.’,,583 7Π17,3
Π 12,1’ 7Π ’,,121 1111112(333171’32,.3 3111111151. 1’11.)
1315131313 ΠΠ 34, 1. 17139, 11. 711 1Π1Ξ,011,11111111’(.3512)749,13.
3. 11111111

 

