372

considunt 351. 00111141.23,1.28,1.11. 3511. 38,
0011111111(0.)7,1.10,1.23,11. con· 12. 40, 1. 10. 42, 1. 50, 1. 0. 52,10 53,

111119,1, consilinm occ.) 15, 1016, 1. 55,1.

1, 30, 0. 00111110 ( 1,) 8, 1. 17, e. contraxissent 22, 10.

18,1.21,1.39,1,34,1.43,11, cou- 0011101011111 46, 11.

eilia (0.) 9,1. consiliorum 3, 10. 32, 0011011011 26, 11. 50,1.

1,38,1, 44,1. 00111110 (00011, 17 conueniunt 18, 11. conueniens (0. 0)

111111, 41, 5. censura (00.1 11, 1, caramentes (aec. f.) 01.

5210, conueniebat 41,1. conuenisse 7, ro.
001111111132,1, consistere 5, 11. 26, 1. 001101011123,11,
consolatione 88, t. conuentus (acc.) 46, 11,
000001 0 :2- ,1001 0

‘12,’ 10. ’ 21111. ' ’
constanter 18,1ο,19, s. constantius conuocato (051. 0.) 20, 11.

13,1, 0011113015, 11. 001111117,1.00111
001111111111139,0. 35,1.40,1. copiae (0. 11.) 13, 11.
0000100000111111114,11. constratis 331, 0011111111,1,28,11, 34, 5.

(1019, 11. 35, 5. 36, 2. 0011117,11.9,1, 1 1.
0000100οο consternati (0. m.) 19, 1ο, 15,1.10. 27,10. 31,1, copiis( 1.)
constituit 14, 21. 24,1. constituunt 34, 7,1. 10, 1. 19, 14. 21110. 27, e. 14. 32,

1, 0011111111Ψο0118, 11, 00111111- 10. 37, 5.

isse 7, 11, constituissent 5310. con· copiosissimos 2,1.

11111111 (abl. 0.) 5,1, corpus (0.) 38, 15.

000110 0011111 praefi, 11. constaret 001111118, s. 19,11. 21,10, Correo

30, 1, (1.7,11 (terreum 17, 2. Correo
consueuit 3,1. 8, 15. 111. [consuesse a 1.) 6,1,’19,1. 20, 1.

15, 11]. 00111011117, 0. consue- 001111111(0.1.(.)10001,1, cotidiana

10111113, 1. (15, 10]. 001110110147, 1, (1211.) 13,1. cotidianis (151. f.) 1011. ,
001110111012,11.36,11. consuetudi· ,1. (0.) 25, 5.

nem 50,1. 0011101111ηο 12, 1. 11. 17, cotidie 12, 1.

1. 50, 11. 01111153,1. Crassum 46, 4.

conoul consulem 55, 1, 01111100ὧο1 010511 (0(11. mg 19,11, 01151119,11.

52, 11. (acc.) 5011. 0011111511 1. enebris abts. 6, 0, 39, 1, ¹
48,11, 01051010,1. 44, 11. 52, 1, crebrius
0011111111(9.)52, 0, consulatum 50, 11, 17,1, Α
consultum (0., 1011111) 54,1. 00111110 01010110128, 11. 01011511123,11,010-
(051, 1011111) 54, 1. 55,1. didit 27, 11. 52, 11.
consumeret 461, 001011111110126, 12. creo 010010150, 11.
οἓἓῑ111110511111 41, 1ο, consumptis crimen (ccc.) 1000111. crimine praef,
0001011117011111 0911. contempsissent 12, crddelitate 44, 1,
1. contempte 8,1. contemptis (151. cultu (obt.) 25, 0
0128, 10. cum (praep.) 11011.. 10. 10. 4, 11. 6, 0.
contendit 27, 11 contendebat 50, r. 7, 1011. 10, 10. 11, 1. 0. 17, 1. 18, 1.
contendit 26, 5. 30, 10. 39, 11. 0011- 19, 10. 24, 0. 0. 11. 2512111029,
tendisse 47, 2. contendebatur 10, 0. 1.30,1.1.31,1.1-34,035,11011
contenderetur 46,1, 36, 1. 37,1. 38,1, 39,11,11,41,1.
*10011οξ111 5,1. . 46,1.ι141,1.1.40,1.1. 51, „tt
0011011011 13,1. 19, 1. 1. 20, 1. 11. 11. secum 6, 0. 36, 10
contentus 21, 4. contentum (m.) 221, oum (0001.) praefi, 1.11,1,1,2,1, 3,10
00110111 praef, 1, 4,0.05,1.0.116,1.07,1.110
continere 49, r. 001111011(0.Ῑ.)15, 1. 9,1. 10,1.11 11,1. 12,1111131 ,
11. continerent 46, 10. continuit 49, 1. 14, s. 14. 15, 1. 1 16, 2. 0 11 17, 1. '
ro. 0011110112, o. continerentur 5411 18, 1. 0111. 19, 1. 1 22. 20, aro
00111111 41,1, 23, e. 1011. 24, 1. 11. 25, 1. 2011

 

