31111

18, 5. 4 204 ,21, 11. 23, 11 15 1111

1041241244254214439
’41445343134113102312
32,ιί.34,, 1444 3113449
444124. 2144428419451
112, 551. 111, 44, necubi 311 33,3’
3111444411134,.431)1141413,,416,

44, 3314 Vbiorum [1118. 4 19,4.
31 *3, 44, 23, 4, ’vbis (11111118 4
11444442) 51’10, 4 Vbios 1111 11,
Qll3, 44, 34 23,’4, 3141140451.) 34
fflqwfflm,1.
4444311441 4441144114

fflVQmoem-

. 4441444444.1118,4,3114,
uectigales (1155. 444.) 11134, 41113, 44,

1144144114 (4141. 44,) 38, 44,

4444441144 4441441311 11814

4414444444191, 10,4’ ’52 44 111

42 10 111141 ,001504 44144-
111511855 (441441 14113144
441444444441119,4.
uel 10, 10. 44 111, 44 1514141. 31, 44 414141.
QQm.5u.51w.5‚5.
15.
Velanius ’111 7,11 11414411 1148, 4,
34114444414(41,1’ 1111 15, 15. 34114444-
,1111411111
3411444414ιηὶ 111111, 5. l4. 1. Vel·
launodunum (4444.) 1111 11, 1.
4414411144 111 28, 5.
444144· 151051111131551. 4441 1,Ι18 44
414144144144413 3555

4144144444. 4441125, 44, 204. ue-
4141441142, 5 ueni5bantl' 37,4.
1124,41’2,44. VI8, 55. 3Π’33,
4, 1555511'12, 44. 4144. IH17,
15. 15551515147, 15. H 23,,4 ΠΠ’
104. 44441118,5.19,.4Π2,.4ΙΠ
18‚5.,.1111251'37‚12s53.5.'515,
4,12ι,,,.1943113,450 44, uene-
5551'J1455. ΠΠ7’,.4 13, 15. 22,4
34, 15. 36, 43 3, 15. 10426, 4, 'vl
23, 15 VII 12, 15 17, 44. 4444444111
44, 44 15151511511'0, 11. 44441444
1312544550111'.6,.5121111
1,.4’ 315,’44, 75371551155
4. 44444441 Π 25, 14. 3204.
18, 5. 57, 5. 53, 5. 55555511515
514, 11044 118 44 2144.
11104 111122, 15 3104457,
5. 15111551113117,5 111104.
31, ι42,.4114418,’4, 1414114.
3116, 4,1,4, 11,4.,44,4’ ueliss555
131143Π17,44’4.”1Π112,44322,
sffwwmmmffi5
5555 uenturum (4441142, 15. 5555 5511
144441ΠΙ32, 15. uenturos 55157
29, 4. 44414144414411314, 1111
21, 44 V 3, 55. uenturos13l, 4
111118, 4, 55151115 (555.) 1119, 4.
4441411113,4.3504.1’Π36,’44.
70, 15. ueniretur VH ’28,4, uentum
441Ι43,4. 3204 31404 441
uentum 1111 28, 5 uentum ’444111
Q, ,.14 ΠΙ 23,.4 4444144414444 111
1.

44144444444114(4111111’18,444, 14, 15. 4444111441 1111 55 uentitare 5551.

444141 1 3311.

5511151151111152,4.

uenationis 7138, 1 444411441544444511 uentus 111 13, 44 15’, 5. V 7 5 5518

11111 15. 31304
uenat 1441144 14511 31 27, 5.
55155115 t‚.111135 4444111111113344.
55551555515111.

(411 131. 4441144141.) 1111344
uentum 1111 55151511055555 1111
‘121313318857'854315151181111

1555 uere 1Ί 3 4

3444111441.111.18,4 9, 4 Venetorum Veragrorum 1111, 11. 114. 74414444

111 15.,515151011'151,51115,1.

1111..5

11, 15 34444114 (451.) 111'17,1.18,5 Verbig5115 Ι 21, 4

1144411444 1119, 55

uerborum V 58, 5 uerba ,5155 1111

3444114114. 441111 18, 11. 3444114444 4 uerbis 141411 Ι 20, 44 ’3144

(5555. 55551111315
5511551515 111 15, 15. ueniam 5,.115
44411 141114 ueniunt 1111 18, 4 21,

Vercassiuellnunus 5'11 8815 Vm·

41443444444111Π 78, 44 Vam-
siuellaunum 111 83448144,

441113244444141 1 155'15. 44. Vercingetorix 5115, 49, 15 12, 4 11.

111034 80, 5 5511551111151.
11437, 44. 1444144113, 44. 33,’.44
34,.144354Ἣ11044184111129
15.1155...1...5551515154‚10

1131585855151115 ue-

1.l8138,15581,.’.134,153551
44304 51, 1. 5146114110 4413
41,0,4411ἰ.15,431,48“14433
15 Vercinge10··5’1111.555

κ7ομ44884444414441444144141

 

