384

pollicetur 4, 4, pollicitus est 52, 99. praeruptus 40, ro. praemium (11.9.)
99198ρῖ19ὶὲ7 1351911ἓί 99 15 22 53 ,Qlffi mium “gl η’) 33' ²
5, Pompeio (91991, 91, (9111 (19111111911139, 11, 9, 991. 991
54,1, praesidio (951.) 2, s, 5, 14. 19, 11. 46,
(19911 5,1. posuit 26, 9. 46, 11, posu· 19,(1199911119(999.)34,11. 35, 1137,
9111111619, 911919919140,1,(19 9. 5419. praesidiis (9111.) 35, e. 54, 11.
9119919911. 31, 9, (1991119 (911111.) praestabant 6,1, praestitissent 50,19.
7, 1, praesum praesens (919919.) 24, 9. (1199·
pontem 27 19,(1911199,11.27,9,(1911- senti (obl. 91. 49,(1,

1111119(941.)9,19.11. 1419. puniebantur ,9,

(19111111.) 1,9.7,11.44,11. (1116192,9. 281919 Ι

porterum51,1 portis (d.) 9,1s‚ primum (m.) 3, o. primam 5411111119
*portione 9, 9. (obl. 99.) 2319, prima 30, 9. primos
possum potest 17,9.39, 19. (19991134, 19,19. (1111119111(91119.)12,1,18,9.

15. possint (11991, o. posse praefi, 519, ut primurn· 91119.) 5331 2.

38219. 36521430354331 2199199149 114, pulpum& 7Ρ4401991491Κ49 {iffi

9. 41, 19. 42, 19, 51, 5. poterant 34, 7,19.45,1.49,1. (1111919199(9111,)

11, 9999181119.1111211113, 22,1. ’

191 15. 21,1, 22140, 10. 41,(1, priores (999. f.) 16,(9, prius . . . quam

51, 9. 53,(1, possent 1, 11. 3, 4, 5, 3,1.13,9.14,9.50‚5‚

15, 7, ro. 141991. 1911. 31, 5. 33, priuatis 3, 19.

9491941111. (1911111 19, 99, 23, (119 wis 91. 4, 1. 9, 5. s. *14, a. 15, 9.

115211, (1911191111 2, o. potuisse 21,1. 50,1.

21, 19. potuerant 3, 9. potuisset 26, (1191191953, o. probantur (1199111,

19, 32, e. potuissent 39, o. (11911919 (911. 99.) 21, 1341, propedit
(1111411. 16 o. 1111. (191919192119 proce
(199199 7, 11. 41, 1. 1191191511, processisset 14, ro. 27, 11.
(1991919 (abl. 91.) 12, 1, 37,1, procurrentibus 10, 5.
postremum (999. 9.) 43,1o. prodirent 8, 5.
postulationem 48, 11. produxisset 48, 19,
postulo postulabat 611, 19, o. proeliantur 19, s.15.28,11. 36, 11, 41,
potentiam 50, 9. 9. 42, s. ad proeliandum 18,1, (1199-
poteststem 24, 19, 44, 11. 45, 1, liundo (911.) 19, 91, (1199119119 ( .)
potiuntur 27, 19. 36, ao. potiti (99(11. 19, 9. roeliarentur 13, 4, 19, ι’,

91.)511, proelium 91.) 19, 4. 28, o. (119911112,
(1911119Ι 3, 19551. (191199111111127, 19. η 11. 1911919911. 42, 9. 43, o.
(11991119 (11. s. f.) praef, 15. (1199111111(999.) 28, e. 36, 15. 45,1.
praeceps praesignem (91.) 42, o, proelio (961.) 12, 19, 19, ss. 21, 11.
praece tls (d) 813, 29, 10. 31, 2· 361 21. 44, 11. 47, l.
(1199911711 449, Ι19911991.) 13, 1. (999.) 48,1. proe-
(1199991519, erut praeceptum 27, 11. 9190111119. (9111.) 49, o.
praecipue 38, 1. (11919919 (99199.) 21. e.
praedae 19141, praeda 5, 19. 27, 19. (11919119 1, 19.

36 so. - (1196919911112,1,4,,1,11241927,
(1919991119, 1, 31, 9. proficisci 34, 9. 99991 pro·
(119919919928,1,48,1.91. praefectum fiorsoeudum 10,1. 991 (1919911946,

48, 11. praefecto (obl.) 121919. o. 50, 9. profectus 9914619, 521.

48,11. 54, 19. (1191991111(91.)10, 15.
(1191911919 praefecit 2,1, 52,1. profugit 35, 14. profugiunt 5,1. 1919.
praemittit 17, 9. 28, 1, 36, o. preemi- profugerent 13,11. profugisse 4411.

serat 36, 11. 50, 5. progreditur 20, 5. progredi 3,1, pro·
(11999999119911119 (999.) 46, 19. pree· 9991((11.) 16, 11. .
..11111 91 ..1 Ρ1191191191119191

 

