313

4.,,,,.,44344364439444344,44, 244 38456 712,.,,42914
4445,.453,14.1111,.(4149431. 12, Ν444114(α57.1Π32,4,

1015, 44. 17413. 224 25, 14. 14 neruos 71214 44444414(457.1120,4
Π12,’4,3,7.,,144 9,14. 14. 13,.14 neuiante 14,.,1Π214ΠΠ1744734
14,3.44.22,.428,,311111,11,,2 1ο.((]17758,13.,711534(417Π
1484144204426429444 14,.14 (417Π81314144744
32,4.,7243.14.,.’,7,,34814104 7546172214.

16442714 28429,4,.;4304, 44444(α45444457441 126, 14. 35, 44.
35,4,4811.,.7.,7,524145314 717, (5544417120,4.(1(111135,41.ΠΠ

14. 9, 4414. 11,11. 14, 410 324. 4444644541 Π9,4 neutris(
34,14.‚.,864401414.41‚4.vni,444
4,,,441414.,154,’.,,201114234’ 44454414116Μ437119423Λ
29,,413(’),136,14,,524.,764,14,,77 4411411111,.7,,7.,’,142843234403443,
1144 87 4. (ante 61144 44. ΙΠΙ22, 40. Π15, 4 15442914 26 14 28,
4,7Π75,4.(41114,4, 42,14,,43 44ΠΙ34414814134421
14,11,.,.3413422,,41113,.,464.11.,ΠΠ113.71353,7,,124134,7
ΠΠ4,14,,.,134144.,717147Π 1,.,1471413,11,,284.,2914,,33
39,13.47,14.75,44.(41)117,435,134143511.36,438,4,411ο,
441,.41’113,.47’,Π117,4738,4 57, 7Ι..121413432,47Π5,
44,..44447121,4. 7Π9,3,,2314. 14.20,3443,,.44147,.,477444441
4314. (111Π126,4 ViV,4 VI nihil HI 17, 14, nihilo magis *vii
14,428,.4 7Π5,447,4,,,644 53,4441141154441146415,4.,7554,
66,11.87,4,ἕ14117,14.31,34,36,711153,464,14,4411411644114441
147Π1,’144.2 441Π122,1,723, 49,,,4ΠΠ1744,,7447,4
452 44 71713 1314 40 484 414147113513.

7Π77, 14. (1111311441. 114, 11. 444444111414411244

ΠΠ13,.1 7Π59,47 (11Π15, 14 44141122, 4. 30,14, 31, 44. 44,,1433,
ΙΠ18,4Π111,1410,,,,326137 Π6,14.20,41.32,.41118,14. 17,
19,...1153,147Π1,4426,1. (in) 14.ΙἸΙΙ24,4,251471,44.13,44.
Π1711,14.72,411,,422,,147Ι 11,4ο.71,,,,16418420’.737Π19,’
254 (441Π10419,11,ΠΙ9,1.4 146,,,,9477448548638814
12, 4. 7 10, 4. 3874. 7119, 4, 62, 14 Nitiobriges (4441711754 Nitiohro-
(14113544 40,4.,.454 45453, gumVIl3114. 4511. Nitiobro-
4.Π112,4,13,11, Ι1Π7,47.7716,4 4415444(5,171175,14,

17,3,22,1, 77, 14, 17, 14. 71123, nituntur 7137, 14653, niterentur
44 39 44 (441’122,4 ΙΠ16,4’ 113,,14

(5141. HH 251414 (5443. 14, 7122, 41447Π 8, 44, niuibus (557.) 711
4233254274343 3711 5544.

,4 ir) 131, ,.,, 64,, vn 3514. nobili (.aoi 41,444,, nobilibus (4

(141414 13, 14 44., 44, ,,’,34 mit-4444. V114'„4 1041144440.

VH 77 44 nohilissimni 12 1.

4.,40444..4444,14'’45‚.44..4 11’
1114414115. mg, 1 31, 44 nobiiis·

3,.410 44 ΙΠ33.,64.14,4, HH 110
17, 44 26, 4. 717, 10. 23, 4. 56,.4 simo (5 m. 11 14 nobilissimi
71841514. 21,4, 251, *30,,4 (ΡΙ1,7Π6 14,41ο51114414444417,.4
7Π52,3(51Ι4114,44,7.44Π26, 3144
4 nn',.i4 444, 4 44 ’,,14, 41144441444444344 nobilitatis 444
454. 63, 44. (41139, 14 11 12,1ο V3, 14 4461114344444131,1444451-
ΠΠ1,44, 42ἓ54 litatis H226 44. 76, 4111711312 hv
733111754144114 4 Ῐιο7774 74445413541717351 4441719714.
Nerulir714 V 454 Ν441411(47.1 1115, nooeirliilostibl.)V134H41 nooe4envt
174514115711728171. 77747171 13171 3157141.147444131117719,137717
48, 4. 58, 41, vi'3‚4 Neruiis (5.1 41. nooitum iri V 36,4
11',.',29443811.i’1175,14.Ner-1044418,14.1143‚.4 ΙΠ2,,4 1111
1144411444 164 17,419,.3 7 324479437 4440441533

 

