611166 7Π 71,16.

6116111171 28, 4. 611611 786, 4. VI
9, 1³. pareere V 40, 16. perpendo

VH 71, 10. parcerent 7114
percerunt VH 28,11.
parentes (6.) 7 14,1. (666.) VH 66,1ι.
parentibus (657.) VI 14, 4.
6666616 parentarent VH 17,11.
pareo parent 711316. 7Π 63,16. 61-
1611 V 7,16. parebant V 2,11. pa·
ruerunt 1 27,6,611116111171171 11.
gorio partam VI 40,11. 611117 4116,
arisiorum VI 3, 11. 7Π57, 1. Parisiis
(1).)711 75, 11. Parisios VH 4, 16.
1

,16. pe·

paro 61111 VH 71, 16. arant ΠΗ 2,1.
VII81,r. parare IH8, 10. 23, 1. V 3,
11. 42, 1ο. 55, 6, 56, 6, 71 22,1, 7Π
59, r. 61, 1186111111171 7, a. pa-
16161117Π ,

Hl

1.21,11. 26, 1. 32, 6. 34, 1. 35,16.
37, a. 43,11. 45,1.55,1.56,1. 71
5,1. 21 16. 34, e. 37 4. VH 11,1.11.
12,1. 22, 6. 25, 1. 16. 28, 1. 32 11. 34,
HHemHnffiaQaw
11. 61. 1. 1. 61, 11. 661. 66, s. 66,
16. 81, 16. 85, s. 611161 (6.) 7Π81,
14. partas (666.) 1 1,1.12,1. 15,1.
34,1,Π24,16.Π11,16.ΠΠ10,1.
19, 6. 33, 1. 34, 10. 741 114916.
5316. 7111,11. 33,1.43,1.16,7Π
11513111111111111112’1· {⁵1:11
34,1, 43, 10. 61111511 (657.) H 29,
6. ΠΙ 4, 1. 28, 11. 111132,11.14.v
15,1,17,6.21,16. 50,1ο.51,1. 7Ι
ll, 1. 35, 1. 37, s. 88, 10. VH 15,1.
(31619, s. 27, 9. 47, 11. 67, a. 69, 1, 6.
1116.

3, parauerant VH 61111111 Π 1, a. 16. 33, 6. 6. 7 6, 10.11.

86, s, 6611117121, parandarum 661116661ήί611611111(666.16.)Π110,6,
[HI 22,1,661116111111131,11. parati 6116166576.) 7133 1. partiti

611111Π9 1, 1161111Π21,6.61-
ratum ( .)1 ‚11 11116611.

1111 vn 16,,1, 1111411 (66. f.)
V16,1. (ΗΠ 16.

m.) VH 5911, parati l.) VH 19, parum 1111 ,11. 7Π 6616.

e. paratos 15,1. Π 3, a. 71,11. paruulo V 52,1.

7Π 19,611. 66111117 5,1. 611116
(666.) HH 6, a. paratiores (6. 6716.)

15, 1. 6111116111116111141,6, para· 6666111 6111167135, 6.

tissimee (6. pl.) ΙΠ 14, s.
paral 1, 11. 12, 16. 11 23,1. 16. 16. ΠΙ
4, 6. 20, 1. 27, 1. ΙΠΙ 1, 11, 4, 11. 10,

28, s. paruulis (631331111η3θξι1.) V}
21, 6. (617 50,1.

6. 7Π 52, 1, 6111167Π 611111116311111
alm.) 1 18, a. paruis (abl. 6.) 71

1. 16, 6. 32, 1. 1. 11. 7 12,1. 124, 11. passim 1111 14, 11.
30, a. 31, 1. 32, 6. 40, e. 44, 6. 45, 6. passuum Ι 2, 16. 8,1. 1511. 21,1. 22,

VI 19, 1. 22, 1. 31, 6. 6. 40,1. 11. 11.
VH 28, 61. 11. 32, 16. 33,.6. 35,11.
58,1. 6111. 73 11.77,6 (511184, 6.

1116 (p.) H 4, 1171 31,10. 61111
611.)Π13,11.713,16. 6111611111,
16. so. 12, a. 6. 6. a. 13, 6. 2611. 128,
16.31,11.40,6. 4311. 49,11.50,6.
52,-1. 11 1, 4. 9, 6. 20, 6. 21 1. r· 11.
23, 6. 24,1. 10. 1Π1,16.12,11.15,
ξ’, 15Π111151175611696111711
· s · 1 · 1 · - ·

16. 23,1. 25 11. 41 14. 48, 11. 53,
6. Π 6,1. 1, s. 168, 11. 11,11,13,
6.16,1. Π113,1,10,1. 11,1.11. 22,
1623, 16. 72, 10. 9, r. 11,1.11,
1.11.16.24,1ο. 2116. 321. 461,
47,1.11.49,10.53,1.1a.v11110.
35,11.36,1ο. 7Π 3, 11. 16, 1. 38,
1. 40, 10. 60, 1. 66, 6. 69, 4. 11. 70, 1.
741, 79, a, passus (666.) 1 49, 1. 6.
11184.11119,1.V11 46, s. passi·
6115611116, 11, 4. 111 11, a.

V 1, 16. 7, 1148, 16. 24 112911. patefieri m 1, a. patefactis (657. f.)
3613416851. 38,6.46,1.54,1, 1132,11.v118 6.

55, 4. 58, r. VI 12, 1. 11. 29, 6. 37 11. peteo patet VI 25, 129116. patent
VH 7, 1. 10, 1. 17, 1. 34, 6. 10. 35, 4. 712316, 6116167Π70,6. 79, a.

44, 1. 46, 1. 48, 1. 53, 1. a· 60, 10. 80,
1. 87, 6(51”1). 61116 Ι 2, 6. e. 11. 16,
11. 31, 1138, 11. Π 5, 1131. 18, 6.
22, a. 6. 23 1. 6. 11. 29, 6. 32, 16.ΠΙ
1, 1. 2,1. 6, 6. 10, 6. 20,1. 22, 1. e.

)61661ἰ511(657.6.) Ι 10, a. paten-
ioribus (ab. 6.) 7Π 28, 1. 6116511
Π8 1, 7Π 69, 6, 6116511111 2,16.
Π111. 61161617Π72,1. 66111-
erant VH 8,1.

26, 16. 16. ΠΠ 3, 4 10, 1, 17,11. 11. 61111 Ι 3,1ο. 11. 47, 11. 720, 6. 7119,

20, 1. 22, 1. 32, 6. 7 9, 11. 13, 6. 14,

caesaris bellum 6111166111,

r. VH 4,1. 31,11. {Vm VI 18, a.

 

