333

16, e. 36, 3. 44, 3, 45, 13. 65,13. 80, 121. 7313. 6,13,32,1.7110,11,
14. 3313131111 9,3.33.25,3 3913. 7Π 82, 3.

343, a. 111, 14. 3, 14. 33, 1,. 31, ,, posterum (m.) 111 33, 1,. 111 41,12.
29, 13. 11113,1·1. ΠΠ 24, 3, 26, 3, (aoe. 3.) VH 11, 13. postero (aee. m.)
73, 13. 19, 14. 35 e. 711213. 7Π 115,1. III 6,1n. ΠΗ 11, 13. 38, 1.
31,, 3333113131. 13, 1,. v 11, 1. 33, 1, 43, ,. 43, 4. 33, ,,
20, 3. 33, s. 35, 13. 37, 13. 3314. 40, 53 u. VI 7,1e. VH 18,3, 26,1, 27,
17. 13. 43, 22. 25. 44, n. 43, 2. 43, ,, 1. 13, 1. 33, a. 33, 1 33, 3. 33, ,, 13,
Π 8, 3, 17, 13. 18, 3, 21, 3. 25, 3. 13. 4 89, 1. 33313113 (d. 33.) 7Π 77, 31.
ΙΠ 11, 13. 14, 24. 26, e. 29, 8. ΙΙΠ postquem Ι24,1. 213. Π 5, 3. 1Π
23, 3. 28, 1. 3. 31, 13. 36, 3, 7 1313, 15, e. VI 9, 1. 29 1. 7Π58, 2. 87, 3,
7, 3. 3. 11,1. 27, 33, 31, 3. 44, 33, 46, postremo (33114.) 7 28, 14. 29, 13. 7Π
347,13. 49,13 50,43.58,3, 71 1, 33. 87, 2.

1,13. 4,3. 2213 31, 13. 3611. 711 postridie 1 23, 1. 48, 2. 51, 1. Π 12,1.
6, t. 9, 14. 20, 20. 24, 14, 31, 3, 82, 3, 33, 13, IIII 13,13, V 10, 1.

36, 20. 39, 13. 52 3, 66, 3, 183, 3, postulare Π 4,13. 3331313311143,13,
89, e. possent 12, 12. 313333, 3313131331 154, e. 1122, 3. 33, 1. 711
8,13. *9, e. 11,4. 13 13111326, 34,13, postularet I 85,·1.1111 16,13,
3,29,4.3. 3613. Π1,3,5,13,8,13, postularent 1341, 11111311. 23,
13. 9 13. 17,13. 25, 13. 28, 3. 31, 3. 11. 14. 3331113311 1 42,13.43,1. 22. 333-
1Π 3, 3, 13, 3, 14, 13, 15, 3, 21, 4, tulusset 1 42, 2. postulassent 1111 6,
2632913. ΠΠ4,11.13,13.14,3, 3333111131313 3143113133. pestu-
11132213. 2313. 71, 3, *3,13, tata (aee.)I ,1. postuletis (ubl.
10‚216,e.18,11.38, 11, 711, 13, 3114334331111 11,14,

2, 4. 3, 3, 33, 13, 37, 3. 7Π 19,11. potem potentesVII 77, 42. potentiorem
20, 13. 33. 35, 11. 36, 33. 47, 3, 55, 33, S 171113, potentiores (3333.) 71
56, 13. 72, 3. 73, u. 11. 74, 3, 75, 2. 3, 2, e. 33131113131117113, 3. 33131113-
81, 3, 30111212622711. 1112, ribus 351. m. 11111, potentissi-
1, ΠΙ ,3, ΙΠΙ 1213. 21,13, 7 mum m.) 11 13. 3313313311113141.

42, 1, 55, 3. 71 35, 4. 7Π 74, 1, po· 33111813, potentissimos 1331.
tuenuut ΠΠ 14, 13. 26, 13. 311, 35, potentissimis (35131171 2213.

3. 8. 36, 3. 718, 1340, 13, VH 13, 3013111111131,11,

4, 55, 11, 6213, potuerit 117 ,3, 33131113(3.)118,13, 33133333311
31, 21. v 31, 3. 3333111133, 1311, 3114,,,33,,,,33 ,, 33341-
113, 13. 11Πὸ 4. 7Π 2013. 3111- ,tuem VI 15, 3, potenti}¹ VI 121.
isse 137, 3, 39, 3. 75,3, 23, 20, 33133133 Ι 48, s. Π 6, 3. 13313113ΠΠ

71 42,4, 7Π 20, 3, potuerant *Ι 16,13. 1331311 118502. potestu-
{1122221132221 ,1221 31313ῗ13131, 13111113,
Ι26, 13. 31, 21. 119, 12. ΠΠ3, 11. 13. 38, 37 51, 371 19, 3. 23, nvn
7Π 52, 3. 88, 13. 13, 11. 32, e. 33, 13, potestate 1 32,
3331ὸ15,ἑ947,1.1ἆ155, 131933. 14,1. 1Ἶ4Π7Ξ 3, 31. 41, n. 71 14, 13. 36, 13.
13113311. 116 3. 301311 7137, 311131, 331113171841317Π11,13.58,3Ι .⁰:
51, 3. 53, 3. 58, 22. 718 31,10,1, tumtur VI 35, 13. 7Π 4613. 331111
14, 14. 17, 4. 22, 3. 33, e. 11 4, 7Π 12, 3. 3, ²4.OE 24,3. 3311311311
11, 2. 15, 13. 30, 3. 50, 21. 66, 13, 67, 30, 3. 331111 sunt 12311, 33111113
11. 72, 13. 8313, ⁸⁷22· postponere 11133, 711 36, 13, 331113311 24,
71313. 3331333111377,14. 333 13, 3311111111 (p. 33.) Π 7, 3. potiun-
tergum 111115,1. 22,·1. 7Π62,13. 41313111(3.)1Π6,4.
34, 1. 88, 3. 331133 Ι 45, 4, Π10,14. 71 34, 13. 33.
pestes 121, 11. 223. 28, 13. 4013. VH 37, 11, 78, 4.
1117,4. 30,e. 32, 13. ΠΠ 3113. 7 prae 11303711 44,t. ·
8, 13. 23, 3. 71 23, 13. 39, 3. 3133331113 VH 22, 14, praetentu (pt.)
posteaquem 131,13. 46, 3 333133 uere 7Π 73, 13. 3133333133 (u. f.)11114,
quum 111131, 11. pestes quem 1111 14. 3133333133Π 29,3. praeeunte

 

