365

1,1.3.11. 3,1.3,3. 4, 111411. 5, 11111,3, 1113131111Π10,11. 1111
12. 7, 3. 8,,1. 11. 13. 9, 4. 11. 10,1ο. 11, 20, 11. sunt usi H 32, 11. usos 6666
3121311). 14,1.16,1.17,3.1ο.11. 14431. 3131113131Π76,1.31311
1319, 61· 14. 20, 11. 21,1.22, 123, 131 HII 381, 1113131 usus V 25, 4.
124,1313.27,7,28,1.11.29,11,30, 1111114613, H 7,1.28,13. 118,
611. 311131134131111, 1. 1131(11.111.)15,1.111113,11.11
31.37,3.11.13. 38, 1142, 1. 3. 45,1. 4, 10. 35, 26. usuros 111111, 6. uten-
311. 46311111. 4111113. 48,1. (1111(333.11.)11178,3,

1. 49 3. 1. 54, 16. 66, 21. 56, 6. 3. 1. utrim 13150,1,111117,11.1Π42
11. 51, 3. 58,1. 59,1. 13. 60 1. 61 1. 1331, 16. 881. ’

62 6. 13, 6. ⁷. 66, 1. 69 17136. 11, utrum (664.) 113, 46. 50, 11. 66, 16.

313, 11. 14, 1· 1131311. 1311. Vulcanum 11 21, 4.

80, 2. 81,3(131). 87, 11. 88, 6. uulgo (3113.) [139,11]- H 1, 16. 133
uter V 44, 21. VI 19 4. utri (3. m.)V 16. uulgus (11.) ΠΙΙ 5, 6. 11113131.)

44, 21. 1113111111 1, 120 3111281343, 11. uulgum

uterque Ι 42,]1. 513113211. 35,1, 11113- (333.) 11 14, 1.

81111'131 3. ,6131919141111 1311313111113131
111 331· 3333333333 111331191311,3
44, 66. utramque IHI 41181, V VH 4613. uulnerati (n.m.)VH 80,
29, 13. 30,1. VH 80,1.89,1.utr11m· 6. 1111313113(3.31.)1 40131111-
111131311111 , 6¹·
8, 3. IH 12 6. 131, 6. utroque uulnus uulnere I 48, 11. ΠΙ 24, 6.
(31.3.)111, 10. 2611. V1124,10, 1 62, 4. uulnera (21.) 111 31 16.
Πτῃᾳυθ1111111111)115μί1111Γειῳιθ {654691 2611. 1111311513 (351.) 1
313, ., 31)· 1111311311 1113151181, 11111311
1Π 80, 11, utusque (3111. 13.) IIII 9,11,28,11.35,11. 45,1, 11383.
26, 1. VH 7, 3. 70, 3, (11.)Ι50, 1. 1115011811,

1111 (ante uocales) I 5, 3, 9, 10. 14, 16. uultum I 39, 6. 14.
1ο.15112011.31,3,ι1.13.34,1.45, uxorem I 18, 13. 1Π 6611. 113131( .)
3. 47, 3. 52, 6. ΙΙ2, 6. 4, 1, 16, 6. 35, 2. 153, 6. uxores (333.) ΙΙΠ 19,1. V
1Π1,1.18,1,22,11.29,3.11115,1.6, 14, 6. 11 19, 6. uxoribus (351.) 11
1. 11 4. 16,Ι 31. 23, 3. 33, 31 4, 1. 6, 19, 1. 6· 111 78, 1.

14. 111 (113 1111). 23, 6. 26, 11. 48, 6.
51,1ι (313 uti). VI 15, 1. 20, 3, (ante IH (tria) VH 69, 4.
1) 128,1.41,1. IH 18, 11. 122, 4. *HL (tertio) 1116211.
(1)Ι49,1,11Π19,3. (11148131) 1111 -V 2,11. 111 57,1, 131. 7511,
1Η 35, 13. (Γ) Ι 42, 1. 1Π 32, 13.((1) 87,1.
135,11.1 ,3. (1) Ι [24,1) 30 10, V — V 24, 11.
61, 2. 111, 1. 31, 4. (3113, 113111. 1. (quintum) 1 6, 14.
ut1lem (1.),1Π20,11, utili (abl.s.)VH VH - Π 411.
76,1, 1111133 (333. 13.) IHI 7, 6. VIII. (3313133) 11147,13.

utilitatem HH 19,13. 1Π 2313. IX — V 42, 1. .

1111113111, 11. 1111111111Π12,1. 1 X - H 411. 16,3,1 11, 11. VH 21,

1²’⁸61111V}1¹1⁶4⁵·²1' 66911019 11⁶·3491'198· 11
11 1 11, 15. 1111ῗέ, utimini 111 111 - 111,1’2.¹⁰‘6,10.'⁹1'11 11, 4. 11, 1.
77,13, 1111116, 6. 44, 11. 45, 11. Π 111111,1.31,4.V9,4.V1172,11. ·
25, 16. 28, 11. IH 8 6.11112,11. 24, XII. (1131331111) ΠΙ 1,1.
313. 1 1,1, 1111, 16. [VH 88, 6]. XIII. (1311133 decimae) VH 51, 4.
11313111147,13.11.ΠΙΙ31,1.113- XIIII -129,1,36,11.1Π74,1.
511111111Π123,13.11165,11. 113· 111-12513. 31,11.142,1.3.
1311111201. 361. 51,1. ΙΠ 22,13. XVI - VH 16, 3.

 

