292

imperii 11 23, 11. ΠΙ 17,1. 19. 22,1.
HH 16, 11. 7 6,111, 19. VH 4, 99.
20, 11. 57, 9. 63, 9. 76, 19. 99, 9. im·

9. 37, 9. VI 40, 11. 7Π 28,1, inpetu
715, 9. impetus 1111126, 1. 52,
9fflffimffl‚mffi9

11111(6.)11Π 21, 19. V 2, 19 11,11, impiorum VI 13, 19.
VH 1, 9. 37, 9. 75‚99. imperinmtaee.) implorare 132, 11. inplorare V 7, 19.

Ι 3,19. 45, 9. H 3, 11.4,15.1ο. 1111
16, 19. V 7, 19. 20, 1. 29, 11. 7117,

11ηὲ1111111 Ι 51, 11. inploratnree
, 99.

9. VH 20,11. 3311, 64, 9, 1111111111 impunitatem 1 14,11, ‚‚
(abl.) I 2, 5, 18, 99. 30, 9. 31, 99. 33, 0111111111 (abl. 99.) 11113, 1. 1111 17,1.1
11, H 1, 1111111. V 24, 11311, in (11111 abl.) Ι 1,15. 3,1.1. 111111.

V11‚9. 10,1. 12,19. 7Π20,175
9. imperia (n.) H 221, imperiis (925
H 1, 11. imperia (aec.) 117, 9. 31,
mVQQO

impero imperet 1 7, 5, Π1121, 11, 22,
11.71,1.1111.11.7,15.20,122,
1. 11. 19. 37,1. VI 4, 11.10,5,7Π 4,
19. 8, 9. 11, 19. 31, 9. 95, 9. 60, 9. 64,
1. 11. 86, 9. 90, 9. imperant VH 75,
9. imperare 131, 11. 36, 9. impe·
rante (91.) VH 17, 11, imperabat VH
16, 5, imperaret VH 90, 9. impera·
rent 139, 9. imperauit Ι 28, 1, 9.
46,1. H 28, 1111ss 27, 11. 71 32, 9.
imperauerat Ι 7, 19. 29, 19. IHI 39,
17 1, 99. imperaret H 33, 11, im·
111111111111113 ἔ·
imperandum (11.1’7Π 99'‚ 1, 11111151-
rentur ΙΙ 32, 1. VH 30, 11. impera·
tum est 7130, 1. erat imperatum
Hll, 90. ΙΠ26, 9. 77, 90. impe-
ratum erat V 47, 9. erant impa-
rati VH 66, 9. imperatum (aee. 99.)
V 37, 1, 71 2, 1111111111 (abl. 11.)
HH 6, 1ο, imperata (aee.) H 3, 9.
35, 9. V 20, 9. 19. VI 10, 11. impera·
1111151111.) 714,1. (r.)1121‚1.
impetrat Ι 9, 9. impetrant H 1211,
1mpetrare VI 2, 9. inpetrandi V 6,
11, impetraret 1 35, 11. impetrarent
Ι 9,1. 31,9. HH 13, 19. impetrauit
IH 22, 11, inpetrassent IHI 11, 1,
impetraturos V 41, 19. impetrataI
31, 9. inpetrata IH21, 19. VH 93, 9.
12ιᾷ1111111] IHI 9,1. V 39, 9. 9. VH

,11.

impet99(9.9.)1 22, 11. Π 25, 19. 111
29,1, impetum 1 24, 9. 25, 9. 44, 99.
46,195291111,19.19‚10.19.20,
11215, IH 2, 19. 19, 9. 28, 19. 1111
17, 15. 26, 11, 35, 9. 37, 9. 718,11
21, 11. 28, 19. 34, 19. 35, 9. 47, 1171
MfflQOWMmma
’16,1. 6211 80, 19. impetu H 9, 9,
2111111111111111111, 18,

7,5.1.10,1.1 11,1,12,11. 191.
15, 11. 16,1. 11011). 17, 19. 18, 9. 19.
99. 19, 11. 20,1. 19. 21, 9. 19. 11. 94.
15 (ὺὶεὶΙ 9. 27, 9. 9· 11. 28, 9. 11 29,
1. 9. 3, [1. 11111111. 32111.
1131111513.1ο.34,1ο.35,136,
9. 11. 19. 38, 9. 39,1.11. 19. 19· 4015.
1111011). 1142 11. 43, 1. 99. 44, 9.
111111. 45,1.46,1.1.1.47,11.15
48, 19. 49, 9. 5. 51, 9. 19. 53, 9. 9. 11.
19. H 1,1.[1].9.19.19. 2, 9. 3, 14,
ω115111ω6131
11.9,1. 10,1.1. 111018). 11, 11. 14,1.
16,1.18,1 (511). 19,11. 99. 91. 1121,
11. 221111. 23, 1. 9. 19. 1124, 9. 25,
1. 1111 (bes). 26, 9. 11111 (011). 27,
11. 28, 9. 23, 5. 1. 30,1.11.32,1. 11
33, 1111. 1111, 9. 11. 19. 113, 5. 5, 11.
6, 9. 7, 9. 9. 9. e. 19. 8, 9. 19. 9,1.11 91.
11, 1. 12, 1. 5. 13, 19. 91. 1111. 91. 99.
16,1. 17, 1. 20, 9. 19. 19 (049121, 1. 22,
1.1.24,1. 26, 9. 11. 27, 9. 28, 9. 1129,
1111. 1Π11,11.11.15.11.4,1.5,1.
910. 7, 1. 19. 8, 9. 9. 1Ι 10,1. 11,1
12,11.11.1115,1.19,11.20,1.21,
1115. 22,1. 23, 111. 2111111.
26,11.,27,1.29,1.11.11. 33111.
1. 111011). 311111. 34, 9. 9. 35,5.
38, 11. 71, 9. 112, 9. 3,1.1. 1. 9. 19. 91.
4,1 5. 9. 5,1. 1. 6,11111111. 7,
5. 9. 9. 8,1. 1111. 19.9,9 5. 10,1.1.
11,9. 10. 12,1.11 (01811115. 13,1
1111. 14,9. 15,1. 1. 9. 16, 1. 17, 1.
19,11. 20,1. 2111121111. 211.
11. 9. 9. 91. 25, 1.1.1.;27,1.,29,1.15.
19. 31, 9. 32, 9. 33, 9. 5. 9 (011111. 34,
1. 9. 36, 1137, 1. 39, 11.41,1. 42, 9.
44,1.15.1545,5.1147,111.48,1.
11111. 40, 9. 50,19. 5:91919. 54,
1. 1. 56, 9. 9. 11. 57, 5. 58, 19. 711,
1. 2, 9. 4, 9. 10. 6, 9. 7, a. 11. [11111.
81111. 9,1.11,1.1(01’5).5.11.12,
1, 13, 1. 99. 99. 99. 14, 9. 9. 19. 11 15,
9.16,9.11 (011). 17, 11. 18, 11011).
21, 5. 9. 10. 11. 22, 1. 23111. 19. 24, 9.
21111128,1129,1.11.30,1.1.5

 

