39

reuocant 499. Ser. (ε Seruio, 41.) 50, 44,
Rhenum 13,.4 sermone 144441, 99.
lipss 36, 19. seruorum 10, 14 seruis (ubl.) 30, 9.
Romani ’19, 44,),41 7, 44. 2344. 44, 44414411444,’4.
19 48, 91. 1344464444( (acc. m.) 27, senc 42, 1
6].11’4444441’(.4 1.ἐ)14,.4154.114-’ 444174
4444444443, 9. '14⁰9 24,d.19 6,.,444 844114’( (.461) 11,4
30,4. 47, 4 8441444414(41.11,4,16, 444144444144444,
44,’39,4 ’47,,4 1144444447 4415, 411,4,.,,,4434144..44844.,15,.416
4,,444 ’,’Ῐ,...,4444444444414’4. 9.’‚.’,1919914.,.940’91,9. 44,4’
4444444’ῗ’,’,’,,6442644384 394.’,4445’2,44,64,,44
999 44444’(444.,134, 414 13, 19. 28, 4.’40, 9. 64, 19.
sicuti ’,464
sacerdotii 50,4. 41444444161314, sifuc (461.) 15, 44.
saepe 13, 4, 16,19 31, 9. 52, 44 saepius 36,11. 91911949513619.
4699119'1 44, 4114444445, 14. 204 411-
44 1144114(461.140,44. 4447, 19. 19, 99. 411414(461.)18,4.
444144114144452,4,19,4,4.44
salutis 43, 19 sulutem 6 19. 23, 4, sa· 4114441416444 (0619.) 12, 4. 35, 4
144143, 44 27,4. 41444111414441,4,.41.’,,114’41444114(44.
sanitatem 22,4’ 44.,124 44 similem (m.) 349. (1)
444444441311,4,14,4,
sarcinis (461127, 19 4144441 16,10. 5019.
44114 1, 4. 6,.1 24, 9. 27,4. 624 41444461ἰᾶ4444 23, 44. simulatione 43, 4.
44444 (4611334 41443, 9. 11. 11,41,2, 44, 1 144,15,’,4
8*(1(44 senatus consultum) 52, 90 16, 10. 21, 4. ’23, 9. ’27, 44. 144. 32,
scandulis (461.) 42, 9. 437, 4. 46, 11. 41, 9. 19 (614144 44,
sceleris 38,4, 19. 19. 490'.
44144114 (44. 4.) praefi, 14. 99. singularis( 44411484 (144128,
scic 48, 90 9c1mus 144441, 19. scire 4, (1.11’ 8,4.
&92539922494 9919b9t31,9.,4614. {iniguillcrumkmss890 singulos 48, 99.
996991914'18944’929', 99 scripsi 44, ¹.¹· siue (46466 c) 9,”’4, (419, 4 44. 99. (1144,
9999 4441664414 (acc. 4414344, scri· 4.(,148 99 (4)9,.4 (1144,
bendcs praef.. 9 script1s (6.4) 4441414 43, 19.
praef, 11. (46114. )444441.,4Ι 4441446, 19
44444414444144441, 1410. 4414141114.
4444441444(444.44.146,4. 4444404661 sollicitare ’2,,34 sollicitari 599.
4411244. secunde} (acc. 9.) 489. solliciti (9. p'l. 44.) 34, 4.
4444444614(α61.1)13,44 sclus31,19. 464 sclum(9du.)13,1.
securi (abl.) 38, 44 991912,'.9 44414441, 44,
4411444441, 99. 44, 6, 19, 7,,444 13, spatii1,9 specium ’(.,44413 44. sps-
4.,422424,4.,304’,,’,.33436439’ 114(4’61.,,)314
9‚4.1 19. 19. 43, 19. 46, 4 52, 90. species (4. 4.),8 19
[4641446 16, 44] *spectatissimi (p. m.) 51, 4,
:gssptgrs (328434ἑὲ 46, (9.) 5210 n spe203ffl5ndi (p.) 7, 4 ’speculabantur
9
53, 4, senatus consultum ‘52,' 99. 54, sperabat 10, 9
4. senatus 4444114544. 55,’4. 44· spes (44. 4.)’66,,4 4144141184. spem
44144162, 10 sunctum' 21, 44 53, 4 49,4
senatu 2’2,441411’44444150,44 spoliaretur 52, 11.
8444444444 30,,4 statione 16,’,4 stationes (44411244,
99119111999'9 43,4, sententiis (4611 stationibus (461.) 12,,4
62, 446334, statui 48 99. statuit ’,8 4. 66,4 sta-

444116 sensissent 35, 0 tuisse 23, 91.
sequi 14,1. 444444114644160, 19. 999991191'194091. 4,)61,,4

251

 

