359

Tulingi (2,) Ι 25, 12. Tulin onum Ι 2222222212128,12. ΗΠ 3, 2. 4. 8, 4.
29 2, Tulingis (d.) 15, n. 12112122 uacuus VH 2514. uacuam HI 111.
1281, 2222212 (aee. 2.) H 12, 1. 22222

72111221 71 3211. 711 90,12. (ubl. 1.) 711 46, u. uacua (222.) 7Π

lullum VI 29,11. 45, 19.

1221 I 17, r. 27,1. 50, a. 5· 51, 2, H 2, 22122111.) 16275812. VH 35,2.
a. 4, 12, 6, 1. 11. 27, a. 29, 8. ΙΠ 2, 12, 55, 2151112, natumnatum 12.
1114214222. 12121, 11. 21, 1. 111. 111 12, s. 12211 (aaz.) 1 1, 1..
32, 1274 12, 8, 2, 26, 12, 33, 1. 35, Π 9, 2, ΠΙ 12, u. 13, 21.ΠΙΙ 2112,
12. 37,1. 43, 12. 22. 44, 11. 48, u. 11. uaginam V 44,12. ι
49,12, 51, 12, 54, 12. 71 8,2, 12 21. uapor 22222121 7Π 8,12. ragnum
122, ⁶. 22, 5. 32, 1, 1., 1112111. 23. 2. 112, ...1122111122
11, r. 22, 2. 23, 1247, 12. 53,12. 56, uagabantur HIl 6,,1. uagarentur 1
1. 59,1. 14. 2, 11. 711 45, a. 1. uagutr (pl.) 1111

tumultuari 711 61, s. 4, 4. .

tumultuosius (adu.) VH 45, 2. ualet V 3, 2. 711 84,1. 221221 1117,

tumultus (ng 26, 2, 713111, tu· 11. V1163‚n. ualeat Ι 17, 2, 221212
multu Ι 4 , 11 1111, 2, 1112, 114,14, V4 11.21111)11151,1,21·
VH 47, 11. 60, a. lebant IH 2012, 2212121 14142.

tumulus 1411, tumulum 146, 2, 71 22121221 71 12, 2. 2212117 5112.
40,1, tumulo (211.) 1 43, 2, 1121, 713011.

12 122121227 17,12, 71121122 Ι 53 11, 111 20, 5. Valeri (p.)
11121411, 1 41, 10. Varenum 1 12, 2. 41, 1,
1211222 ΠΙΙ 33, 4. 7Π 45, 2. 1211212 Valerio (211.) 147,11. 7Π 65, 4.

(211.)11 8, 12, VH 80, 11, 88, 2, Valetiacus VH 32,]1,

Turonas (222.) H 311. ualitudine V 4211. VH 78,1.

7212212(41.)71175,11. Turonos 711 221122 (2. a? V 49, 22. 7134, 2. VH

4,12. 47, 4. 221 12 (2.) V 32, a. uallem 111

turpe (222.) 71 18, 2. turpius (22 n.) 2, 11. 749, 11, 50, 4. 2. 22112 ΠΙ

1ΠΙ2,12, turpius (222.) V 8,12. 1 12.

turpissimam 111 11, 1, turpissimum 11111 (2,) 1 42, 1. uarro (1111141,-

(2222113312. 121212212121251. 12, uallum (222.) ΠΙ 4, 4. 5, a. 17,

f.) 712112. 12. 737,12.39,12.43,1.12. 51 a.
turpiter 12 22, 2. u. 22, 11. uu, 1212, 41. 12 22, 10. 1221 (aiu.)
turpitudinem H 27, n. 1 2111, Π 5, 22, 30, n. 33, 12. ΠΙ 1,
71771111 1217112 u ²· 11· 11 17 ⁸· 111·

Σᾞῗηῑ (autulii, 18. ’ tn 21, 1ἷ 412ssan vui 11111 11, u'. 112, 1. aa}

121122(2.)740,4.12. turnum VH 5, 211112(211.)7Π73,12.

22, 11. 1224, 12. 25, 2. turres (222.) Vangiones (222.) 1 51, a. .

HI 21,2, 742, 2, 43, 1, 52, 4. 711 22112122 71 2, s. uetustatem VH

17, a. 2411. 72, 12. 121212 (222.) VH 23,12.

18, 1. 12111122 (ubl.) H 1 , 12. 33, 22111 (n. pl. 12.) H 22, s. uariis (ubl.

12, 11114,10. VH 22, 2,28,1. 82, s.) VH 714.

4, 86, 2, usstandi (p.) V 19, u. uastari I 11, 1,
1212 (2411.)1Π24,1, 7Π 36, 22, tu· 71,11. uastandis (211. 12.) 719,

1122 ΠΙ 13, 21. 12. 22212112 (21142.) HI 29, 12. ΠΠ
lutus tutam V 29, 11, tutum (2222.) 38, 17 22, 2. 71 3, 5. 23, 2, (f.) VI

ΙΙ 28, 5. 1111 17, 2. 727, 22. 1211 44,1.

(pl.) ΗΠ 16, 24. 1212 (2.2.)7Π 14, 22212 (2111.) HI 12, 11. uastissima

11, 1212 (222.) H 5, 11. tutiores (222. (ubl. m.) IH 9, 21.

m.) VI 23, 4. 121122 (222.) HI 24, 2. 2211212211221122 (abl.) 150 11.
1222117441, 2111152128 112 11321116,

221141141211222121,

1222111211 12, 4, 1. 0. 9, ⁵. 11, 1, 11, 14. 21, 2 12, 1. 11,
[uacationem 7114,2]. 1. 35, u. HI 4, 11. 9, 12. 22. 14, 1. 4.

 

