305

iocorum III 9, 16. 16. 71183, 6. locis 29, 19. VII 90, 6. Lucio (657.) 122,
ifflfffflffiffifflffimfflssffifflffh·ma
9¹21, 1'41'189, 1'1191 79⁷9.) 19²3: 1. 919990 ,66611617ι '
10, 6. 16. 23, 6. 41, 11. Π 27, 6. III LugotorigeV 2, 6.

1 6, , 7 9. 20, 6, 21, 10. 28,16. 1666(6.)ΠΠ 29, 1. 1611616150, 16.

1,,16. 4, 6. 7, 6. 20,1. 22,1. 23, Lunam 71 21, 6.

6. 24, 6. 16. 27, 16. 29, 66. 77, 6. 19, luntres (666.) 7Π 60, 6, lintribus (657.)
1.22,1. 441. 53, 16. 71 17,16. 25, 112, 6, 53, 6.
11. 35, 16. 43, 6. 7Π 1, 11..9,1, 25, Luteciae (6.) 7Π 58, 16. Luteciam 71
1. 28, 6. 45. 6. 55, 66. 61, 19. 67, 16. 3,16. 71157,6.58,11.16. Lutecia‘a
69,11. 79, 6. 84, 6, 6. 86, 6. 88. 6. 7ΙΙ 58 6,

longinqua 147, 16. V 29, 19. lcugin· iux VH 82, 6, lucem 71 7, 66. 7Π 61,

quis (657. s.) 7Π 77, 66. longinqui· 66616. 1666122,1.1111,6. ΙΠ
oribus (65766.) 7Π17, 11. (6.)ΠΠ 24, 1. V 8, e. 23, 16. 31, 9. 16. 35, 11.

27, 19. · 49, 6. 50, 6. 71 7, 16. 7Π 36,16. 45,
longrtudo 7 13, 16. longitudinem 12, 6621.

16, 7 13, 16. 33, 9. 71 29 616, VH luxuriam 11161,

66, 1, 46, 1. 66, a. 66, ,, 66, 1.

longurios VII 84, 6, longuris (657.) Μ. (-. Marci) 1 21, 11, (z Marcum)
111 14, 16. longuriis (657.) ΠΗ 724 9. Μ. (-- Marco, abl.) 12,
17, 61. 6016613516. *16. 71 6,1.

longua longum (acc. 6.) 7181. longe maceriam 7Π 69 9. 70, 19.
(aaz.m.)vr145,1. lon 6 111121, machinatio 11³6,9. machinationes
2, lengo (657. a.) IIII 10, 6, longae (666.) Π 31, 6, machinationibus (abl.)
(6. fg 7Π 73, 66, longarum HH22, 111917, 16.

11132581. 29,& 612 20618185621111651) 30ξὲ1111235Ιῖ 28261147, 6. Π 22, 1.
737, 6, 52, 16, languorem (f.) 140, 32,1. ΙΠ13,11.14,66. IIII 2,1. 7
6616661616 (7.)Π21,6. (9.) III 26, 1, 6. 71 26, 9. 40, 9. 7Π 20, 66. 25, 1,
1. longissimo (65766.) 731,16. longe *59 9. 66, 16.

12,1. 10,6. 23,a. 36, 19. 115, 61 magistratus (9. 6.) 7123, 9. (6.) 7Π
ΠΙ 8, 1. 9, 66, 21, 9. 28, 9. ΠΗ 1, 6. 37,16. magistratui Ι 1616. ma-
6. 35 6, 7 3, 1. 14, 1. 21, 6. 30, 6. 43, gistratum 113, 16. 71 20, 6. 7Π 32,
11. 41, 16. 71 10, 16. 12, 66,,7Π 14, 10. 19. 33, 9. 37, 9. 55, 6. 66. magistratu
9. 19, 9. 26, 9. 59, 9. lon 166122, 119, 9. magistratus 9. pi.) Ι 4, 6,
9. 48, 19. 1119, 11. 20, 6. 21, 9. ΠΙ 17, 6. 7120, 6. 22, 6. ,6. 7Π32,
9, 6. 18, 6, 28, 16, Π111,16. 10 6. 6. magrstratuum 7Π 39, 6, (acc.)
11,1. 11. 99, 11. 66, 1,, 6 r, 1, 6, 1. 666616. magara-9911 666.) vn
9, 19. 19, 11. 46, 9. 52 1. 53, 66. 71 3316.

6, 1. 66, 1. 66. 10. 66, 1111. 991 666616 (c 6) 7119, ιι.

37, 6. 7Π 9, 6. 11, 9. 14, 16. 45, 16, magnitudo 11 27, 16. HH20, 19. 7126,
47, 11. 63, 16. 71,19. 73, a. 79, a. 82, 6. magnitudinem Ι 39, 66. Π113, 6.
1, longissim911‚r. Π 4, 66. 7Π ΠΠ 24, 6. 71 25, 6. 7Π 41, 6. 52,
35, 11. 9. 19. 83, 6. 86, 6. magnitudine Ι 39,

l uitur 717 16. loquatur 1 20, 66. 6. 11 12, 6. 30, 9. HI 9, 16. 12, e. 1111
019 66 66, 1, 666666 1 49, 1, 1, 19. 6 6, 6. 43, 1. vr 10, 16. 66, 6.
locutus estI 31, 9. 7 27,6 locuti 141616, e. 27, 6. 28, 6. 7Π4,66. 66.
(pl.) Ι 27, 6, Π 91, 6, magnopereI 13, 11. 38, 6. II 5, 6.

loricam 7Π 72, 19. 89, 10. loricae (pl.) 111111,1. 16, 16. 26, 6. 7Π 57, 11.
747111, magnus 1111 37, 19. 712, 6. 21, 6, 19.

166616673516. 34, 6. 40, 16. VI 13, 16. 34, 66. 7Π

Lucius ΠΙ 20, 6, 6. ΠΠ 38,6.728,6, 44, 6. 88, 16. ma 166. 61.) I 16,
35, 19. 37, 6. 11. 44, a. 711 50, e. Ln- 9.43,1.119,1.1,9. H117,e.1111
cio (d.) 1111 22, 19. 7 24, 6. 19. Lu· 1, 99. 10, 9. 29, 16. 728, 630, 6. 71
cium H 11, 167 24, 6, 16, 25, 8. VI 2861016). 31, 16. 36, 16 (bis). 7Π47,

Caesaris bellam Gallicum. 20

 

