5. 011,.,.1214,1,.,.116191.
11,12,.129,1,,32134,11.85,1.

253

27,,0140,.111.11111111Π26,.11
0136, 15. 11111111124, 11.

11.4.’.43144,1 0111,.’.,.’,1115171111111111(1111)οΠ81,,111111-

19,1..11111113,..4.1117111.
18,1.11.19,1124,1 27,1, 32,,1

οΠ 8315 cam

pastris (111.)
57555,555

pestribus (ab

3341 36,1.11.39,140,1.41,1.11 11111111οΠ 79, 1. campis(atl)111

43144,1,.,45111471.40,1.,50

2311.

111155156159113165111111111111111111611111

1,4,4,.661871188,1. 70,.111.472

011131111111) 011 57,1,

17341 76, 5. 785. 80,.1 85,1, 864 Caninius VH 83, r. 0111111111 VII

1 87, 5. 11 Caesaris 117,1, 30 11.

90,1.1

42,1.43,144,,1.48,.11.Ι,,Ι71111111111οΙΙ47,1,

20411, 35, 5.1119,5.14,52.1111 055555151557511126, 15

2741. 38, 15. 03,1,6,.11 20,5. 27, 01111111(111.,)0131114,1,,,221
11,,112741128,1. 41,1,53,1 11. 11. capillum 011431, capillo (157.0)

54,1,5,611)οΙ7,1,12,11.1,51,,36

14,.1

541,1ov‚1135⁶i21.,.185555, capi511,1471385111711 ca·

24143513710435631507
110111111171101121117,11.
18,5.,.r31474,.',.’103713924’41,
146,,147,1.,53,11 1,.1201 III
iffi. fflffissfflmffl,5.7
5wmmh1mcmc
124137411.0111111111Ι11,11.
11.18,1120,,129,1,30,131,1
11351361391142114411
47,.’,.”14815311 ΙΙ644.1.11211
555555555 5,
1334115411111111116
1.4181,,131,,17ΠΙ8 16112111
27,1.,4.,.’301136106,1.,,1171.1
104205221125529440
141154545114955545
01441,5112,..111132,,,1361.
38,1411οΙ’,,,’,4111131161
55555555451
fflzffih5ffl,5.ffl,mffln
8941, 0111111Ι13,1.20,..11122,
1.31,1,.,1132134, 45,1.,Ι,ΙῙ41
11117,511'1111,5 12,1,2,1,729,

pient VI 27, 1, capiant 111 18, 1.
οΙΙ4, 11 1111111231 44,.1 111
23, 15. 111114, 5 2814 331. 028,
11,33,.1οΙ20,1.33,11οΙ1124
15. 31,1 55551351111’114,5. ca-
peret Ι 13, 15 08 410 caperent
me,wnv5555oe
perant t11128‚ 15. 0311, οΠ26,

1,,62 11 ceperint 1111'2, 1. VI 174
1 11111111οΠ 35, 15. ceperant οΠ
51, 1, cepissent V 20, 1 inisse cap
11111 0 2311111111οΠ 88,11
capi 140, 11 capiendam VH 26,
5· ..3333 0711111313 3
71’1 77,11 capienda (111.) 1111 13,
1, capiendis (abl. 11.) 11115,5.111
46,11 caperentur οΙΙ 11, 50. cap-
tus est120 11. capta 11115311.
111.11(107111)Ι25,11.09,1,22,
1,οΙ3,1.111)11(17)οΙ221οΙ1
431, 87,11,111)11(1111.)0117,1ο.
captos 0128, 1 11111(111.11.)οΙ17,

4 06171115127128,11.
οΙ7,1,35,11,434 11, οΠ204 15. οΠ 7011 1111111(11111)1114,11
5M4r55 55555,2

caespes caespitum 0 51, 1 caes ites captinc (107.) 0137, 11, captiui (157)
(11110431,11111111511(1574ΠΙ 042,1ο. οΙ43, 11. captiucmmV
25,4 23, 5. οΙ 32,5 οΙΙ 901. captiuos

calariiitatis 0 29, 1, calamitatem Ι 042,1. captiuis (157.) 1 22, 5. 50,
12113111 Π148οΙ3711 1,Π16,1, 17,1.,08118,1,18
111911,111111111111311ῠ3 r.,.48452157135‚⁷.f,1r15395.

14. 37, 15. cap 111(157..,11)οΙ811.

11 Π 28, 1 01177,11,111111111111 οΠ '151 72, 1. 8311.
(111.) 5111’ 19, 11, 1111111111511Ι31, 11111114151111 1.) Ι’Π3,1,

11, ΙΙ 28,1, capnt 0 58, 11 capitis VHl, 11 71,
01111111111111111111 1111101411 rapite ’1 32, 4.
051050554, 11, 018,.1 capitme29,51133,10,
callidum (ccc. 111.) ΠΙ 18,.1 ΙΠΙ 15,1 111111(111.)01189411,
11111111οΙ 36,1 1111111 1124,4 capitibus (55151111 10, 11

 

