385

6¹⁵411361136532 99, 9 99 5 9941
9· 9· ,...„„„,4„
1544441414 29¹ 1²· 014, 10. 2¹ 6. 97, 9. 14. 99, 99. 98, 9,
1101110154 1⁶⁹⁸· 5110110. ,9. 99. 30, 6. 31, 9, 9, 9,
9999195919 (abl. n.) 15, 16. ,9 ,9 33, 1, 2, 4, 7, ,0, 33, 2, 34, ,, ,,
1101111114 (n. ⁸· 4) 7, 11. 35, 9. 9. 36, 9. 99. 99. 16. 16. 9937, 9. 9.
prop1or (m.) 9, 99. propms (adu.) 14, 39, 9. 40, 9. 14. 41, 9. 49, 9. 9, 11, ,9,
319, 12. 36, 11. ⁸ 13, 43, 6, 11, 44, 6, 45, 2, 6, 46, 2,
pro notentur 8, 9, 9999991999(999.9.) 9, ,, 9, ,9, 47, ,9, (99,), 48, 1, ¹„
4 ›2- 1110000115 4ἶ 1⁵· 16. 94. 94. 99. 50, 99. 9. 51, 9. 59, 9, 4.
0100101 7, 94. 19, 99. 17, 4. 18, 11· 24, 9999999. 53, 9. 9.
99. 95, 9. 97, 9, 38, 9. 59, 9. querebantur 4, 9,
0101115104 13, 0. 48, 99. 50, 99. qui (991, 9. 6. m.) praefi, 10, *9, ,9,
propugnatorum 9, 14. 12, 99, 23, 11, 24, 9, 26, 9, 30 2, 34,
prorumpebat 41, a· 9. 36, 6. 38, 9999, 11. 49, 9, 41, 9, 49,
proteruntur 48, 10. 9. 53, 9, quae (99. 9. f.) 2, 1. 9. 7, 99,
9101114155 (9) 51), 10. 32 6. 39, 9, 46, 8,’1. 10, 99, 11, 5, 14, 14,19,19,5,24,
11·5.434·110111411194.0941· 010· 2· 11· 4111. 409, 41, 6. 16. 99. 48,4.
919999 46, 99. 9191999999 35, 4. pro· 54, 10, quod (9,, n.) praefi, 12, 3, 5,
mfiis 515) 53' ⁴' 16¹* 1191591495 16,ssst 15 ¹'
5555199519. 95) 9, 9, proximum (999. 482316. 51, 4. 59, ,ιζ 8991999159.) 95,
99.) 94, 99, prox1m0 (951. 99.) 53, 9, 9, 37, 9, 48, 17. (fl) 999913, 4. ,6, 1,
2111'33 >⁷63¹⁰¹¹¹m³⁸ ¹8’ ⁹· pro· 9, 419911 ⁶· 11⁰1 ⁷6²³· 109, ¹⁵·
prudentiae (918, 9459, 44 1 1951199. 36959 2,1.¹1⁸1„61;
ablica (16) 6, 16. pubhoas 46, 16. 4, 22, 9, 34, 16. 3 ,9, 46, ⁷. ,1, 47, 4.
0111111461. 91). 94, 4. ,. quod (99,.) 99, 10. 31 ,,
pudore 13, 11. 28, 11. 341, 41, 11. 48, 99. 99. 49, 9. 53, 9.
pugnand1 93, 16. pugnatur 19, 9, ,uo (abl. m.) 40, 9, qua 3, 99, 4, 9,
putaret 39, 9, putarent 32, 6. 43, 99, 3, 9, 17, 9, 19, ,4, 30, ,Ι 31, 9 36, 3,
6- (= Quintum) 39 20. 15, ,1491 1109411941 ,¹361 939
¹¹⁸ (040) 51⁸⁴· 001 praefi, 8· 19. 9, ⁸· 3, 9. 4, 1. 6, ⁷.
5501110154 411, 2· 4154111011 48, 99. 99. 7, 9. 9. 9. 10, 11. 11, 99, 19, 9, 13,
9041410513, 11· 4. 8· 19, 10. 99. 90, 1. 24, 14. 97, ,9,
95011410 (051 0,) 8, 99. 98, 9. 99, 1. 99. 31, 9. 34, 9. 38, 99. 44,
quaerunt 16, 99. quaerebat 53, 6. quae· 6. 45, 9. 47, 9, 50, 4. 14. quae (9. pl.
9995159993. m.) 47, 9. quaereret 7, f.) 8, 9. 93, 9, 31, 99. 46, ,9, 55, 9 uae
99599555855895519519199919 9, 9, 94, 9, gaz.) 5115151922(ὤῖ {J 58319, ,1, ’,ἶ
9999111991. 99.) 46, 99. 415819159ἶὲ 4115 ,64419599 1545799215 ⁴
'quam (9919.) praefi, 9. 99. 11. 16. 3, 99. quarum 11, 9. 31, 9. quorum144.)15,
8, 16. 9, 9. 11, 9. 12, 99. 17, 9. 6· 93, 99. 35, 9. quibus (d. m.) 19, 9, 19, 9,
99. 9ο. 39, 99. 42, 11. 44, 94. 49, 9. 50, gf.) 50, 9. quos 410005, 6. 4, 1. 16, 9,
0· 0· 55, 1- 2¹¹¹1⁸ · · · (10015 3, 0· 13, 4, 4· 17, 4· 19, 036, 11. uas 4. 99.
1014,οι 6,9. 16. quae (999.) prae ., 99. 5, 9.
quamquam 111 “ef-‚22 42, ⁸· 52, 0- 55, 4. 8, 1. 33, 9. 35, 19. 48 99. quibus (abl.
(1011100106,9.99. 9199. 97,9999, 9. m.) 7, 9. 9. 919. (s.) 16, 16. 97, 9,
99, a. 99, ,. 99, ,. 49, 9, 99, ,. 9,.) 99, ,. 99, 9
quattuor 46, 99. 54, 11.
quepraem. 14. 1, 94. 9, 9. 99. 3, 9. 9919. 93, 9. ‘
6. 11. 4, 95, 9. 6, 6. 6 (bi-61. 16. 99.,7, 9999999999 quaecumque (9. 99.) 42, 6.
9. 10. 8, 6. 4. 9, 99. 1616. 10, 6. 9 (bus). quascumque 5,10‚
10, 99. 11,9.19, 4. 99. 139. 999. 14, quidam quaedam (99. 6. f.) 96, 4. quo·

(199991196911999 (1911199999. 25

 

