263
88118188 gg.) VII 76, 11. 8118811171 21, 6. 71 2, 16. 43, 2. finitimis (abl.
19,1. ,1. 1111165,16.57,⁶,
figura (11.)7126, 1. 27,1. 2818, 821118 firmiter ΠΙΙ 26, 8.

1ΠΙ 25, 8. 71288. 8111111188ΠΙ 13, 11, IIII 17, 16.
8118 1 26, 11. filiam 1311. 9, 8. 111111 3188818117120, 16.

,ῃὲ 1121,1.),,Ι,5,9, 1,1,.,,, VIM 31 811888818801. s.) 7511. 71181
6110 (11181, 11181. 1111111111 31188 ²7¹¹ 1113111111
47, 18 6116.. 1118011174 ⁶- mas 11188 6. ’111111181381 111
111 65,1, 81188 7112, 6. 81118 (851.) 73, 0, firm'js (02203211 6214,

880818817118713181 fingere 1 3311. 81ᾞί1891181.(”’1)12 '¹' firmiffli'

811818815871111184Ῐ111 6166 1111 16, (1ἳξξξῗο20111011111110 ¹¹·

11. 8111117125 ²· flagitare Ι 16,1.
fims (11. 8,)71125, 16. finem Ι 20, 18. flamma v 43, 9, 11, 71 16, 16.

33,1. 4 ,1. Π 6, 8. 19, 11· V 17, ⁸· flectit VI 25, 6. 888181811Π33, 11.

71147,8. 6611801, 81115111 (d. 8811112011, 8811181(8.111)Ι27,8.

1 6, 6. 11 10, 11. 71 5, 6. 1111180188) 31, 4, 7Π 78, 6. (11. s.) 151, 11. 7Π
12,16.v165,1s. 11111 8188116, 8 11· 18, 6.

8, 6, 9, 10. 10, 6. 16. 16. ll‚1·2· 12, 88111132 2. V 63 16.
1, 19, 2. 26, 11. 27, 11. 28, 1. 6. 11. 32, 60 8818 7 7,1. ’

1811171ἷῖ 18(116151(1.118,41.6’11116’15ζ florens (n. ⁸· f) 1111 3, ⁶· florentem

2. 20, 12. 23, 1. 1111202010, (m.)v1162,11. florentissimis (abl.

16, 6. 161. 19,8.38,1. v 211 6, ,01) 1 88, 6.

11. 11, 11. 181, 181, 11, ³0, 46, 0, 111711 73, 11.
8 481. 54, 9. 56, 11, 71 3 11011, fluctuum 111 13, 8. fl66116(666.) V 1,

22, 0 0 23, ,0 25, 0, ,, (12,, 42, g, 9, fluctibus (abl.) 1111 24, 8. 28, 8.
44 0 v117 ,0, 309 ,0, 11 ,0 88111811(11.)11,1.12,1.38,811711,
64:14. 65, 216828, 11118888 (1355.)Ῑ 1121811· VI 71 12VH59615· flu'
1,11.11.18.11.2,1.1.5,8,112228, 1111111111,18.8,11.88,11. Π 5, 11.
11.11.31,11.11.38,1.40,11.44,11. 1⁸· 1111813110· 1111411· 1518171
115‚13, 10‚,4‚28‚11,1111‚3‚1111 8. 8. 11. 16. 26. 21. 718, 4. 58, 16. VI
1, 8.3,1. 11. 8, 6. 181. 16, 6. 16, 1. 21. 1 7111111. 311108). 5111.
1122 052, 110010, 13, ,0, 515. 61, 8, 8111111111 11111,6. 81-
11· 1 · 11111111 1111 111
16' 83, 8116111111 31111 14, η’ ’ 1] 1Ῐ 18', §.1.'19,’1J11.2'6‚1‘.6' 118
8111111110). 111.)71 1211. 61161166616.) 27, 11- 191 12· 11111, 6. IIII 1, 64,
1Π2,18,1111111111111171 188111111118111 1111511- 17, 1⁰· V 919· 1811- VI
vn 11, 1,. 1111111 (2111 181.. 8, 61. 881. 11188111. 11, 11
1121. 11181. 8111111111(211.)727, 34,1.53.11.67.11. 1171111119 1 111.
21. 38, 1. 8111111181 (pl.) 7Π 64, 16. 11111110- 1611· 1101110118·
finitim16(l.)11126 10. finitumae 18‚³· 19, 1ο. ΙΠ 111. 11. 9, ³· 73,
21111118), 1111111111(11.11.1711 11181. 71288 7111811171·
,9, finitimorum Π17, 18. finiti· 3511· 55 1⁷25& 11· 60. 118· 61 7-
marum 7 58,1. 8111811118(81.)12, 7211. 11771713 (11) 1116111. 117·
1,, 5, 0, finitumis ((1, 0,) 11 28, 1, 111118713011. 8118181511(807.)
81, ⁶. 1111, finitim01110,0. 11 11111, 11. 71 21, 11.
61161 6, 7121. finitumos 71 (7118811111 6,1, 811811 128,
23,, 6. 8111111188 I 18, 11. 1117, 9. fodiebantur VII 73, 16.
8111811188 7 57, 6. 71 34, 21. 811111· foedere VI 2, 6.
11111(857)Π16,1.29,11. 71201. 181187Π76,18.
7Π 65,1. 1111111111881.11.1785, forma (11.) 7126, 5. 1811118117 1,1.
8 7Π 90, 9. finitumis (abl. f.) 1111 181188 11114, 16. VII 261.

 

