110110 9,.1 iacerentur 41, rr.

1101100501 0101111500. 19. gratias ram 8,.9 12,1’ 240 320
50,11.Ιο00011002,’5.

[101101110001115011514010 1410. 240, 325. 34,,0

1111011810 111 11.) 440. grauiter 23,111115111111191131411,10.,47, ’,’148, 94. 52, 00.

1

(101100100380, [001001001051138101 1000 0001100 27 14. eandem8, 9. idem
(999.) 3, 10. 48, 10, 0011001111.) 15,

1105014800,10501010001,0.2410, 0,1,.6031,,0 01110010Ἡο eoden4

04,οΜ’1010101000000010101,,.’,.,100100000,,01,0001,

4999 4,,,90 habebant 14,’0. 110115- ’11””420 ,,44 10. eadem 1005. 111 27,

1016”,11.24,01.320, 1101101001 10. 10’6’0’0 1051. 9.) 141.

25 325 1111500101 540 1105110-1110000028,101500001051.11.128,0

0011011011, 9. 9999 habendam 34,.4 1101010148, 00,

beborna hibernorum 1, 9. 6, 11, 111551- 10,12 1. 48’,01 10 0. 11111000,1111.383,0.
1110 (9.) 2,0,111111500’1011000.)).4640, 1111041111340, 46, 99,

11. 47, 0054 19. 1150101010511211100 1,,0 47, 4 11106”1’10’00””’48 ,
04010601024115015 0 0049,1,’ illem. 1,21 1999( 51,

hibernaret 49'9 5150100011 46, 99 9. 11110 (abl. 1. 240.

hiemabat 114. hiemaret 49,1, immolabantur 51‚9.

1110111155, 0 19 impedimenta 100012 19.

110010.1’1.)53111010011.110111010 imperatorem 19, 00,
110.)17,1,’48,00.1100018, 0,,44 10110000 10001240
15 4804100. 5001000111110001,01. 1015151010το19,0. 27,10, 37,0, 38,
40,0 .’48, 10 ’52 19. 105 41,.4 01010100148, 05 imperabatur 48,
110’0”8,10.19,.’0 1100101110. 9’1.0 0101101010100012302503110
99,.’,.',..419109113991114911190111191099999113919

34293919 1151001001 001,10 11111,,1100241048,10101101001’000 000.)

11116,οἷ160110070024011000 1210,

1. 9,,11 221 1110105100) 20 ἱῐὶ(50011051.)111001,,10,,.,,.,204005
1.45,,,01051,’1.)7,.,,146101051’0.,.600.7,..00’10..’,.’.,00811091’.
111710.10.11,0.1,’,,,’210131*141,,’,1501,

homini 4819¹ hominem23,19 he· [11110.’,160,10.10.17,0’ 18,1.19,
0100 50 0 5001000310. 25 0 91. 21,0,11’. 220 2441, 245011.
00, 0 00ξο 0,.00 00, 0 10011000 (0’00.) 00, 0 00. 010 ,00. 010 (101. 0 99,
36,0,11’00’11111500’1051.,.)300 00341036013800390.

1100010050, 19. 10 1100010541. 40, 1. 0 41, 10. 42, 0. 10. 43,4. *9 9.

100011800491 44, 449, 1. 4. 949', 1. 11. 101010. 01.

11010355 47Ηο4801οἫ00490050054

1101111101 28,0, .19. 55,,0

110011111ὶο3 10 1010000 9499.,)1 9. 11. 2 1 3 0 01011,

11001100101540 40 511010 601010 70010.

99991'990199949'19m111919979 10801191111310141010
40,048.,1.0 1100153211 1100100 16,517018010111900 23
10,1’3,1.’,.5118,,010,0’.16,,1118,10100024,4..,,,1101101’25,,10,
19112810 10011011οᾖ01,οῘ 26,,,0027,10.,,,.,100029030’0.,31
8119101110120101410.1033035011110360038

00,161...180’21,0.26,.0280.1.1..Ῐ.4111139140,0.41010420
4'4,9.'.113941'1911.49,1449, 44114504601010004700.
010, 1100111100 1111810.19’,11’.26’ 48’..’.100000 5111,.53054,’.010.
0,,2711.11001011000151.8’ 1110 1010
0,2’.01 27, 19 500110 ’1050,116,’ 0 10010006, 1011,.119,1,,.290
36,11 bee'tibne 1051.) 9,10. 28,10,100011110011’,910 00οῶ5001010, 91),.59
hum4nit9te 21,0 incautius 49' 19
humiliores (994. ”01.) 510 100300610110111111.) 4121 9. 1000011110 1051.)
3,,01. 9 9.

Q

 

