44

13, 44. 16,1. 18,1, 33,1, 40,14. 7Π
11111111. 17,1, 19,1. 46,
1. 79, 4. 11111111151111.
1m44mm444a4
14. 1113111.3119113111.
40, 4. 44 1. 1143114111. 14. 14. 44.
41152, 11. Π4, 14. 5,1. 6,1.12,
1.16,1.32,1. 3511. ΠΙ 9, 44. 10,
1.17,11.18,11.28,1, ΠΠ9,1,11,
1. 12,11 16, 1111 17, 1. 31, 1.
32, 1. 4. V l 1.4,11. 6, 41414.
17,11.22,11.27,1111.30,1.50,1“.
51,156,1158,11. 7114 1181.
11111111111
ffiQ4ffi4Q4mss1ffi4
53, 1. 58, 4. 66, 4. 14. 14. 69, 1. 72, 4.
73 11, 76, 4. 844. 89,1. 115157.
11.1Ι9,1.14.1.15,1. 19,111111
20, 14. 22, 14. 27,1. 30,11. 31, 1. 34,
4. 4· 35, 4. 14. 42, 1. 11. 43, 4. 47, 1.
11481 53, 4. 11415, 6,1. 9,1.
1411.15,1.32,11.ΙΠ17,11.22,1,
ΠΠ11,11. 2311. 23, 11 73,11.
7,18,]110,1.15,11.18,1.21,1. 24,
1. 36, 1. 43,»11 14. 45, 11. 46, 4. 47, 4.

’ 50,1. 56, 10. VI 7,1. 12, 11. 27,1.

7Π 10, 1. 17, 11. 21, 1. 36, 1. 1. 39, 1.
411149, 4. 51, 4. 79, 4. 86, 1. 11 18,
1.11.9,118,11.25,1. 26, 11. 28,1.
30, 11. 31. 1. 4011. 43, 1. 44,11. 53,
111. Π 11, 1. 23,11. III 21. 8, 14.
17,11.22,1.1.26,11 1111 1,1. 2,
11,11,1,21,11.32,173,1.11. 16,
4. 20, 1 341. 44,1. 713,1. 25, 11.
37,1.41,1.1.51,17Π5,11.70.1.
72, 5. eo (abl. 41.) 13111, 6,9, 8,
1.14,1.16,1.20,1.26,11. 30, 4, 31,
1.36,11.38,1 431 Π5,11.9,1ο.
131,18,1.ΙΠ4,1.8,1ΠΠ2,1,
12, 11. 18122, 41. 31,1. 7 2,1,13,
1136, 1141115711. 713 1. 5,1.
40, w· 421 7· VH 62 7· 85 9» ¹1¹5, 11. 30,
4. 531157, 1. 62, 14. 66,11, 11113, 11.
ΠΙ 23, 10. 1111 12, 4. 32, 4. 722, 4.
714111. 7Π62,1180,11.11- oi
1117175411. 444 VH 1, 4. 11
1.11.)114,11,27,1,31,1, 1111 32,
1. 74 1. 28, 4. VII 23, 4. eorum
mfflimwssm4m4k
uffiffl4ffimuffimwffi
1125,129,11.31,11.11. 331. 11·
35,11. 3611. 37,1.41,1,43,11,44,
1150,11.Π3,114.15.1.10,1.1.
11. 11. 11. 15, 1. [11]. 16, 1. 17,1.11.
23, 1. 24, 4. 14. 27,1 (511)- 29. 11. 11.
31, 4. 32,1. ΠΙ 1,1.14,1.19,11.11.

2311 1111 2,114,11. 11111111.
6,1 11,11.11.12,1.19,1.31,137,
11. 38, 4. V1‚44. 1⁴1ff 1414,10.14‚
1. 2312112811. 11331134,
11111111.3111111110,
1. 11,119,111111113.1.11.11.
½4m4ffiuw4ffi4ffi
1.1.29,130,139,1.36,1.7111,11
2, 181. 5,11.13,1 lm 19, 1120,
11. 28. 14 3211. 11331. 13111.
40, 11. 41, 11431. 48,1. 21. 65,
14. 66, 11 71, 4. 75,111. 77,1.11
1111 11111133,1Π4,1.1Π6,
1.17,1. ΠΠ 17,11.19,1.28,1, 41,
4. 71,111.20,1.53,11 71111.
11 1.27,11.7Π 36,1.88,1. eorum
Qffl44fflstmwwm
1 ,1. 1111111111 14114111.
111111111111111111111,
12017331. 71 40, 1. 7Π 71,
1332331133
1ωῂ11111111
Ἃ1Ἃ111Ἧ11ἢ16
,1111151111
11.50,1.52,1. Π 1, 4. 2, 11. 4,11.
11. 10,4.14.14. 14,1115,1.1. 17 11
19,11.11.33,11. Π16,18,118,1.
21,1128,11.ΠΠ1,11.2,1.3.1.5,
1· 111 4· 111111· 311·
71,11.9,11.1110,1.15,11.17,
4. 29, 11. 27, 1281. 41, 4: 49, 4. 54,
1. 718,11.9,1.10,112,1.1311
111114 11. 21, 1. 23, 11. 321. 7Π
ss4ffl444m4ffi44
10. 54,4. 14 55,1.11. 62,11. 63,1
65, 14. 78179, 4. 80, 11. 89, 4. 111
13,1,τ.10,1.14,1,18,1.34144,
15811 Π2,14,1 18,1 19,1.
34,135,1. ΠΙ2 117,1.9,11.11
23,1 244. 1111 611. 7,1.. 20,11
22,1.31,1. 7127,133,1. 7Π31,
1.65,11. 72,11. 44 11111 1,,1,
1. 1411. 18,1. 19,1. 1,133,1,’43,
11. ΠΙ 19, 1. 71,11.29,1. 7114,
1161. 17,1. 23, 11. 24 1. 7Π 11,
ῗῃέζἚμἫῇὣῗῗ
mffinffiuss444m4
szmffimmmfflQ
112311301351. 7 1, 44. 21.
3,14.1.12,1.1.14,1119 1121,
1116·1111113111·
129111. 47, 41. 58, 11. (11116117-

 

