3OE

77,19 111111111Π1116μ1712μ1 111),Ι2511.,311136,144,111
71110119,,,,1201549,,111101- 28,1,7Π14,.11 1199197119,17
rentl’,319‚'IH115,.,9V179.V1I 1116111(157.11.)ΠΙ7,1,
80,11,1111111115,11.25,1.11.111-111111111111111.)ΠΠ27,111111111111(157)
111111111Π10,,113’0,5,31,1.,7Ι8 7Π20,15.
19fflffiwffl9ffim7ffiwmmwsswuwmmw)
15111111111ΠΙ 6,11,111(11111111Π VH 76,,5 111311113311(1111.11)ΠΙ
19,11‚4140,17.11411144129,14.199.
ΙΙ2617Π49,1,1131111111124111111171Π12,1.ΠΙ21,1,.17Π17,,1
79mmWHM9HM9 9‚9ffl,1.mmwmnw,7.
77,1,11,111(111111117114,1. 1111111· ,30,1.
11117361. 7Π 83,11,111111111111111111Π15,1. [111111111(111)ΠΠ2 11]
7125,11.7Π14,11,11.20,11,111-1113117123,11,1111111111111(11.)7Ι
3111134,,111Π26,.111Π32,1. 32,11,
711,1,”111(11511111140,11 1133, 11111Π5,1.ΠΠ12,11,11111(17)735
1.ΙΙΙ,1,4 7911331171421 15 11111(α57)Π251111111117)7
7Π1,1,11111161111111Π18,1,20,15, 44,1,7119,1.1 uirorum VH 19,
732,71.,540.,4811517Π36,11. 11111111(111.)1133,11.ΙΠ20
45,1.67,1, 7,7 99. 1131111111 133, uirgo 7 14, 11
11. Π 11, 5, 28, 19. 727, 11. 44, 11, uirgultis (1157 ) 111 18, 19
5315713113014311571171161111117Π38539155,,63
33, 19 35,11. 36,11. 4311. 52,1. 11711111111111 (17) 7Π76,11.7111-’
54, 1, 55, 94. 69, 9. 83, 17 1111111111-(1111111111177Π 4919447199111470
99416,'.,'114099. 1411,19.,169 (9573711541
18, 91. IHI 28, 5. 711, 9339 VH Viridouix Π117,1.11.7111(11111111111Π
6,1 44, 11, 54, 14. 1111111178, 18, 15. Viridouice HI 171,
11. uisus 111 711 121111111116 1111111111 7Π 71,11,
Ι47,5.ΙΠ14,.1 7Π44,184,.51111111178,11.43,1,,7Π77111111·
9144'111414 41511111111141,111111111161, Π8,1,15,11.
1.,.,511Π1181.,.,.721158171 11,114,ιι.11111115,,11114,
22,57Π10,1,111111111117Ι37, 1.7Ι23,,140,11,,7Π361.1,,5911
4 VH 5111111 111111Π18,15. 62,1.77,11.83,1ο,111111171Ι13,11.
71,,201 11111111712511.111111 Π 31, 11, 7 35,1, 7Π53,1 uirtu-
11111117 8,11, 1111111 11111ΙΠ28,11111Ι40,11,Ι115,11.11.27,1,ΠΠ
11111111 essent Ι 2211111111] 21, 44 7 48,11,52,11,718,11.14,
4147275)171154114557Πί1711)ω1(α22,41) 41771111. 205181352151288011131 1444444
119114494. f.) VH 88, 1111111111.1131141111147, 1111411.
11,.)7Π791 81.27,.533,14.ΠΙ’5,.1114,’11.
7111111171191 19,1,,1,21 7251345144,
uigiliam VH3, 10. 24,,1 1111111111, 11, 52, 915. 54, 19. 71 24,1,11.
1,,215.,1.4011,41’,11Π11,.133,40,11.11.7Π6,.,129147,,1
9.111'193‚1.v9,4.93,14.41159 50,159,11.1111111171111(157)144,
160171,11,83,,11 uigiliis(abl.) 9191'111 171111. VI 28, 9. 39, 15
731,1.11]3,21 uim18,.„,191110149.11114,4
uigipti1,3419.I4H38,19. 13,1.,225. 1131141111.
1111111511 (1157)Π3317116,1,7Π 11,77,15,10,1 7Ι12, 1117,,1
73,1ο, 30,11,40,15, VH33,.5 56, 19. 87,
111111111111153,11.11116,11.11113,11,151
1111171111 uincla (111.) IH9,19. uinclis 4,,1 15, 1, VI 14, 17 ''14,1179.4,.39
,(157)..14,1 111111(11)ΙΠ517Π50,11,77,5
1111111111117 30,1,1111111111171 uirium VH 26, 11 1111151107.) Ι 53,
43, 14 11111111 31, 41. ui9i999I 1,111111(1111.)ΠΠ1,117Π 20,11
4111111111. 111111111Ι34,1ο. 85,11. 1111111111(1157.)Π30,1,ΙΙἸ4,
1111111111Ι36,1(7171).11111111Ι45,1,1.19,ιο,26,11.ΠΗ35,1
11. 11111(51.)1114,11,11111111.1111(1)1116,1.11,134,11.11111

 

