267

88, e. 35, 3. 3. 11. 36, 1. 37, 3. 11. 40, 26,3. ΠΙ 19,3. IIII 86, 3. 718, e.
33. 43, e. 44, 1. e· 47, 3. 68, 3. 643. 71 37,3. 7Π 48, 11.

e. rc. 33. 56, 3. 67. 1. 68, ι, 11. 711, custodium 11 29, 33. custodias 11114,
11. 2, 3. 3. 8, 3. mee. 12, 3318, 10.v1127,456, 16. cuutcdiie 768,3
4.14,1.15,1. 16, 33. 17,e. 13333, 3333333773 curtcdieudee 71 4, 3. .
1. 22, 33. 33. 28, 3, 24.1. 25 3. 27, 3. custodie VI 6 3. custodes (acc.) 120,
,,, ee, ,,, 3ο, ,, 61,1. 11. 34, ,,. 41, 16. eustoduus.1ee,6.111 33, ,3
3. 44, 3. 711 5,3.6, 1. 4· 7, 6. 8, 14. 9, 78, 10·

33. 11, 1. e. 12, 4. e. 14. 16, 6. 17, 14. 18,

1. 19, 33 20, 3. 22, 3. 28, 10. 24, 3. 325, d. (= diem) I 6, 14.

3. 26, 3. 28 3. 82 4. 3. 88, 33. 14. 86, 3. Dacorum VI 26, 3,

33, 37, 33. 88, 1. 40, 3. 41, 3, 44, 3, 47, demnatum (33114, 3. (1333336337
33. 48, 3. 48, 3. 60, 3. 33. 51, 1. 52, 3. 65, 3.

63, 3 e. 66, e. 56, 3. 57, 3. 61, 1. 62, 31333313(αὸ1.)7144,3,

311. 33. 66, 3. 76, 11, 78, 3, 80, 3, 16. Danuuii VI 26, 3.

82, 383, 33. 33. 87, 3. (1311, ’33. 2, 4. 7, 3. 11, 3. 12, 3. 14. 33.
cunctet10 111 18, 33. cunctuticue 111 15, 6. 18, 33 (bie). 18, 333333. 21,
21333 4. 1. 27, 1. 81, 3. 33. 99. 33. 84, e. 36,
aendor cunctantibus gott. 33.) 1111 25, 3 40 33 (bie). 16. 33. 33. 41. 33. 41, 4. e.
3, cunctandum 111 3, 16. 11. 42, 3.44,3. 11. 47 3. 63, 33. 33. Π

eumue cunctu (33. 3. f.) 7Π 10, a, 2, 3. 8, 3. 4, 36 33. 6, 33. 7, 1. e· 10,

,3333 2151.) vn 11, ,3. eunoun (aer. 066). 11, 314 11· 16, τ- 19, 1· 11,
3,)ῙῙ ,, 1321.11146.8,6.4.1,1.810.

cuneatim 7Π 28 3 9,1.13, ¹⁹· 17, 1⁷· 191⁸ (77)· 76, 4·

cuneo (abl.) 33 40,, 11114, 14. 5, 3. 3. 3. 8, 3. 11,14. 13,

... 6 ε· vn 3·333.τ·.33 ec,- 333

ffiefn ξῑίῗῙὲΠῙγοΙθΙ {g 322 1³. 779479· ,3, 4, ι. 6, 1. 9, 4. 18, 10. 11. 22, 3. 33.

26, 33. 27, 10. 33. 28, 11. 32, 1. 86, 3.

cufflcllgtufflg, 1. 711 80, 33. eupidita- 31„ ,3, 39, 1, 3. 41, 3. 42, 3. 48, 11.
,3. cuprdrtetel 2, 3. 9, 3. 44, 4, 3. 45, 11. 47, 3. 48, 14. 51, 3.
7,Π 50, ¹⁶· , 52, 11.58,1.18. 14. 33. 33 64, 33. 67, ,
4711177ωὲ ·) Ῑ 18, 77 &³ssle ἓξ 1. VI 1, 1. 2, 6. 11. 8, 3. 6, 3. 9, 3. 10,

pidi1,11.curdiesimi(p , 11 13 (1713, 14
33 ,3331111636 (311- m.) vu 40, 3 '1612’1'16611'111111 1611011. ¹2⁶,
prffirffle') 114104 3. 116, 4. 44, 43, ,3. 33, ,, 34, 4. 3. a. 4 vu 1,
33ῳί3 363333 Ι 18, 33., 6331336533 (37.) 7οζδὸ 76337141, 78366 7271916, 311117,
ΙΙΙ 19, 3. (ubl.) 111 24 33 cuperet 11 31233. 2411. 26,33. 80, 3. 883
33, ,3 cuperent 111 11, ,, (3,). 33, , (eu). 33, ,,. ,333 ,3. 33,
cur Ι 40, e. 11. 44, 33. 1111 16, 14. 711 3. 48, 3. 3. 33. 33. 45 3. 14. 47, 33. 33.
67, 33. 48, 3. 5233. 58, 4. 66, 6. 10. 58, e. 59,
curce (d.) Ι82, 3, 40, 33. curu VII 3. 60 3. 66, 33. 71 6. 72, 3. 77, 3. e·
66, 3., , 33. 80, 3. 81,3. 3. 86, 4. 88,3. 11. 89, 6.
211111111213761000111 7139997339· 3973731. 11:1ss:
333716θὲ33331 13, 3. VH 31, 6. curet (6868787371211Ῐ7, 8878877742,
ΠΙ 11, 10. curaret 7Π 28, 33, 87, &VII 20, 11. (leben VI 83, 10.
33, curereut V 1, 4. cureuerunt VII decedunt VI 13, 33, decedet 14433.
55, 33. canuerat 1111 29, 4. 723, 3. dcccdccc Ι 81, 14. decederet V 43,
58, 3. 7Π 85, 3. curescet 119, 3. 33. deceruit 7Ι 19, 3.

curreretur 7Π 24, 33. decem 14, 3. 8, 4. 29, 33. Π4, 33. 33. 1111
currus (acc. 1111 63, 6. 11. 18,1.19,14. 79, 3. 7Π 37, 33. 64, 10.
turtumI ,33. ΠΠ 26, 33.28,3.7 76, 11.

5, e. 8, 3. 14. curru (357.) 11 23, 3. decernunt VI 13, 14. 7Π 43, 3. de·

 

