1.11.17,1. 18,1.1. 221125, 11.
27, 11130133, 412. 34,1.35,1.
38, 4. 8· 1. 73, 4. 8, 11. 9, 11. 14, 1.
11111111. 17, 2. 2. 18, 11. 27,1.
31,1. 32, 1. 33, 11. 34, 12. 37 1. 11. 11.
331141,11,43,11.44,149,11.50,
151,1.54,11.55,1.712,1.8,111.
11, 1. 23, 24 41111111. 43, 1.
117Π1,111.2,1.1.5,11.11.8,1.
11.1113,1.15,1.1ο. 17,11.1119,1.
20, 1111. 2311. 26,128,1. 1129,
1.37,1. 15. 12. 38, 12. 39,1. 115211.
55,11.59,1,63,1.11.1164,167 2.
14. 70, 1. 11. 72, 11. 73, 11 (11).11. 75,
1177,11.11,78,179,1180,11.82,
11.88,1190,1.1111(111.]17.ΞΙ3,
22. 6, 11, 9, 11. 11,1.12,1ο. 5,11.
30111 31,1.11. 37139, 5. 113,
2. 13, 2. 15, 14. 18,1. 19, 11. 24, 1. 26,
128,1.30,1.11.Π124,1.1ο. 11117,
11.27,11.37,1.1.71,113 1120,
121, 1. 11. 26, 11. 41,1 1. 44, 24. 50,
1Ἠ31η121ω11
11.1113,1.16,118, 1.1. 24,1128,
1.29,131,1.1. 32,11.38,11. 41,
a. 7Π 131, 19, 10. 26,1.47,11. 11.
70,11. 83, 12. 11 {im pl.) I 23, 8.
1112, 119, 11,11Π ,1,7Ι9, 11. 43,
ἕξ 7Π 5511. 11111111151. Π
,11.

Sullae (9.) Ι 21, 1ο.

Sulpicium 7Π 90,11.

sum 730, 4. 7Π 77, 1. 11111, 111.
1ο. 2, 1.4,1. 10. 6,1. 10,1. 11. 12, 1.
1.[11.11. 16,1(11’1). 21,1. 26,11.
11. ,11, 31,1 33,138,1.1.11. 39,
1. 41,1.11 14. 42, 2. 43,1. 46, 2. 2.
1147,1.149,1. 50,1.51,1.52,1,
53,1.11.11. 541. Π 5,11. 6,1.1.1.

9,1. 10,1, 17,1 24,]1. 25 11. 27,”

1. 30,1ο. 3211, 33,1. 11 (311). 11.
34„ 35,11.11. ΙΠ 2,1, 7,1. 11. 8,
1. 9,11. 13,11. 14, 4. 16,1. 18, 1.
19,11111. 20,11. 21, 1. 22,1. 1.
23,1 ΠΠ 1,1.1.11.11.2,1,1. 3,1.
5‚4. 11. 8,1, 10,1. 11,1. 18,1. 20,
11. 26,1. 28111. 1. 29,11. 33,1.
35, 1. 37,11. 38,11. 72,11, 3,1. 4,
1, 6,1 8, 11.,11. 9,1. 12,,1. 11. 11. 13,
1113. 13111 {},‘?.².⁸³·211‚⁸‘.1⁴131
27,1. 3311. 43,11.11.44,1. 5 ,11.
Ἇ1Ἇ1Ἆ1Ἦ8ηη1η
13, 1111111111. 1317711111. 16,
1. 17,11.19,11. 20,1.21,11.22,1.
23112311.26,1.127,1.1.28,

351

11. 29,11.30,1.11.31,1.1132,11.
11. 35, 22. 39,1.[1]. 43, 1. 44, 11. 711
3,11. 6,1, 10, 1. 12,11. 131117,
11. 20,11. 2211. 23,11. 24111.
25,11.11. 27,1. 28,1, 29, 1. 311.
ὢωΜηΩ1Μιω1ὣ

157,1(011).1.38,1.31117114
11ΜΛ.ωπ11115Λ.ᾓ1
10,11. 26,11. 29,1. Π 3, 1. 5, 4. 6,
1. 9,1 19,11. 3211. 3311. 34, 1.
ΠΙ 6,1. 8,1, 11,1. 20,11. 21,1.11.
23,1, 29,1. 11111,11.11. 2,1.3,[1].
·1.1-5,16,1. 10,11. 20, 111. 27,
1. 3113111111.1111111,
14,1.1.1.1.11. 21,11. 39, 1. ’10,11.
71 11,1.1.11. 13 111. 11,11. 16,
1. 17, 1. 19,11. 2411. 2311. 24,1.
11,1. 26, 1. 27,1.1.1. 28, 1. 30,
11. 32, 1. 35, 2. 14. 37 1. 7Π 311.
22,1. 23, 1. 3011. 3811. 531.
51,11. 5311. 6211116111. 75,
1178180111, 111 Ι 1311. 18,11,
21,1. 26,1. 31, 41. u. 11. 41, 2. 45,
1. 52 2. ΙΙ 4,11 5, 1. ΠΙ 18,11.
IIII 7,1. 727,11. 48,1. 5211. 54,
11. 71 7, 11. 35,11. 39,1. VII 14,1.
nmaffimQffiwsthb
89,1 sint I 14, 15. 1,1 19,11.
31,1ο.11. ΠΠ 2,1, 8,1, 7 52,1.
VI 10,11. 16,11 25,11. 28,1. 40, 4.
7Π 4,11. 11,11. 14,11.11. 20, 12.
111112,1.3,1.11.11.5,1. 7,1. 10,
1. 11,1.11.12,1.13,1.14,111ο.11.
17, 2. 181111,19,1.20,1.11.21,
4Q4ffl12222222
11. 321. 33,1.11.35,1.36,1.1.11.
39, 1. 11. 40,1ο. 12. 11. 11. 11. 11 41,,1.
''42’822'313'1¹1⁹·'⁰·4441¹⁰2²1¹‘⁶''⁸''
8¹⁶⁹? 11,1. 111311, ἰ 11, '21⁹1 ¹1⁰1‘
1,1.1. 2,1, 3,1. 111. 4,11.11.11.
8,1 9,1.10,11.12,1.1511116,
⁷· ⁴· 11· 111 11
4711311311 111 113
1.·11. 11.,8, 2⁹ 1 1311] 11. 16,'2.'14.'11.'
11171.1.19,1.21,1.11.22,11.11.
9714130113131·133
14. 10, 1.1.’ 11,1. ’13, 11. 11.,11. 16,’
1. 18, 4. 22, 1. 27111. 27, 111111.
11. 281111. 29, 11. 1. 29, 11,11.
31, 1. 3415538, 1ν11. {1³ 4 32 12452,
ἓ1154141183. 1. '93‘ 11 10,,194. 1'1,⁹'4. 43,

 

