309

bantur V 45, 9. mit iterentur Ι 42,
1911 35,.9 711 37, 19 661 missus
1117, so missi 616111 ΠΙ2, 6. missu
9999 VI9, 19 missus 7141, 6. 711
7,.188, 19. 1616611111(66)17,16, 711
85 6 611666161516.Π119,6,
161666ΠΠ32,6.71161,16,1611661
(66.1)Π2416 ΙΠ13,61. 740,
9. VH 41. 9 906 missae (61. pl.)
ΙΠ11766. 1111666(6666.)143,16.
ΠΙ 14, 16, 25, 6. 1611666611 299. VH
55, 11. missas ΠΠ 6, 9. 6116663666)
Π15, 11. 719, 16.16116616(657.66.)
ΙΠ1,6,8,.11ΠΠ2711754,.6
71111,,641,,(1 (617156. 21,6,
missis (abl. 6111 25, 6.

34, 16. mobiles (6. 66.) HH5 9
miseram VI 35,19. miseros Π28,6,11165111161661 ΙΠ1 33 6 mobilitate ΙΙ
11111111111651111116313233 16, misericordiis 6115111166 ΠΙ 10, 6.

Π 28,16. VH 15,16,28, 16 moderari ΙΠ1 33, 19. VII 75, ὁ.
66666666 miserantur VH 1,66,66166-111611661’11661 VH 59, 19

66566166139,16.1116116116,6. 18, 99. 19,,6 43,19.11
1111666727,9.1717,6Ι 1719211oIH41o 11111616
mitissime VH 43, 10 20, 6. 25,6. 731, 9. 41, 19. 43, 11.
6111111121,6,35,6,,.42647,6.Π6, 71,]68,16.,271,35,6.39,.643,

76ΙΠ11616ΠΠ1116 21 66. 7Π52,6.511, 116616 7616.

66 73, 19. 7, 16. 20, 16, 22, 6. 11. 36, 6666766166ᾶί ,1)7Π22μ6 eiusmodiHI

6466648616 57 71566. 126 7 ..19 V134,19. 36 6

33,,636, 66 vn5‚9.'9,19. 45111, 6111661601Π113,16, 29,,6 72716,
29,66,1661661116111Π36666661661

6,,.,.,,,.,Π1131623167169616
9339'499559. 711411 VH
31,’.,,,ἶ,.13365165216153,664,
66,65,16.70,66. quominus 131,
66 ΠΠ22, 19. uominus 711496
minime 11, 6, 536, 1133, 9. 111’19,
wwwafflfflwofflb
Minucium 71 29, 19 7119116.
minuunt VI 23, 9. VH 30 6 1111666616
(666))Π112,6 minuit (66611733,
16, minui 74, 16, 26, 66 minuen-
dee (9.) VI 2911 611116665661 120,
9Wffl9mmwnmssm
mirandum 611 V 54, 19 miratus 132,
6.*7Π 44, 6
16161116(66.)141, 1. mirum (aee. 66.)Ι

66. 60, 19 64,19 65, 11. 71, 66. 86,
9971911111'1111191'999,
6,,1116136.1112,,,161Π811.21,
16. 71,19.90,.9 61161666.

ΗΗΠΜΒΜΗῊΙΜΠ
19. ’71,, 2416 276 711996,
22,6 11101101111 17, 11 296.

9,1.1 7115,16.43,6.111111617 12 614417Π201646611661116

29,616111116111741,16.7110,1.

(659) 711 14,1.

omittere Ι 47, 19. 1Π4,6 .7,.66 moenibus (.67 1131,1. HI 12,6, 7Π

2511.116111611111Π11,6 1111'11,

22,,(16 9)Π6,,6

6 6111116161 1 34,6.,47 9. 6111161661 mole} 1661111116 (obium 12, 6
755, 6, 71 246 VH 11, ro.34‚9. molest911110.
63,19.misit191..9 94,9. 96,19. *molimento134,9.
49650652, 19112,.'92911’111 1661116(666),.156

1,9.,9.97 1111’1919. 316166, 7 mollieu

191991111469

111661,1111116611616166- 166111656666)1Π19,16,1116111(615966.)
6611112961126 28631, 9. HH V9‚.5

27, 6. 38, 11, 729, 11. ’'91399. VH 1116111116(66)7Π77,11.

75,66. 161616667132,6, 1161666611 6161111161617Π20, 16.

1216 H5, 11. 396 7Π 50, 9 55, momentum (ooo.) 7Π 85, 9. momento
956, 9. 87, 6 miserant Ι 18, 66 ΙΠ1 (6157171139, 16.

16,16 V6,9 719, 9. misisset HH Mona (6617 136

16, 11. V17,.9 misissent ΙΠ2,86. 1661161120, 19. 748,6. 7129, 16. 7Π
1616666616 (61.) 1 47,.6 1111666166 H 9,.. 45, 16. monere V 97, 99. mo-
15, 19. mittitur V 97, 1. mittun- nuitH9,69. 11112919.
66Π1236740117114,636,111611616,6.,221.25113811 7Π
19 91191’99919919111n199’e,999‚..m131999.)191’,9.‚999
VH91,9. mitti 71131, 66. 161116·16,7Π36,16.46,6 59,1o montem

 

