919

341431, 43115411. 631741.
(Ῑ.)14,1.31,11.11.33,15.51,1.Π1
5, 19. 29, 9. 734, 6. 39, 11. 41, 1, 48,
11. 49,1. 7Π 25, 5. 32,11. 77, 19. 95.
79, 5. 1111110111.) 15, 5. 747, 5.

71 35, 9. 711 14, 1. 29, 5. 36, 1, om·
1111(α11. f.) Ι 20,11. 44, 9. H 14, 5.
2415. 34, 1. III 9, 9. 1111 19, 6. 33,
2. 34, 10. V 1, 11. 10, 6. 23, 15, 43, 11,
47, 19. 49, 19. 1111. VI 10, 235, 11,

VH 8,11.71,11.’ omni (abl. m.) Ι 43,1.7Π3,1,63,1.65,1.66,117411.

49.9.11115‚10.16‚5.111111‚19.v
57,1. 71 29,111. 7Π 20, 9. 28, 19.
4411. 54, 9. 68, 1. 77, 19. 80, 1. 83, 9.
(f.) 115, 9. 30, 9. 31, 96. 46, 11. 48,
11. 11 1, 6. 3, 4. 4, 6. 35, 1. 1Π8. 11.
281, 76,11.11.14,1.19,121,1
43,11.7112,1,13,1,7Π22,1.25,
15. 1111. 61,1, 85, 4. omni(abl. 11.)
111, 5. 43, 11. 11141, Π114, 5.
ΠΠ 411. 17,11.18,1.32, 14. VI
30,1, 7Π 1411. 46,1. 77,1. omnes
(9. 71) ΙΙ. 1. 6,11.31,1 96. 95. 32, 1.
11531.Π2,1.11,11.13,1.23,11.
Π13,1.14,11,16,1.18,1, 111115,
6. 19, 9. 38, 5. 1. 7 7, 91. 9, 11. 12, 1.
14, 6. 31, 1. 37, 11, 39, 9. 43,11. 56,
1Ἇ1Ἇ11Ἧ3113
1211144111. 43,1.7Π1,1.8,11.
12, 16. 15, 4. 23, 1. 62, 1. 15. 63, 1176,
111. 80,6. ( 7.) Π119,11. 111123,
1Ἇ1731Ά131ἢ
115811. 7111 11. 45,11. 7Π 88,
23 1012212 (1Π73 119321143111222

9 · 1 · 1 · 9 · 5 .

72, 4. 9111191111. 131441, 11111.
HH 13,11. 7 531. 71241341.
43,1. 7119,1.10,1.16,5,17,19.
18, 9, 45, 1. omnia (1111.) 15, 9. 5.
18,1. 19, 4. 24, 5. 31, 49. Π 3, 4.
4,1.13,1.15,1,29,1,31,1. ΙΠ12,
11. 16, 1. 28,1, ΠΠ 4, 1. 6, 5. 11, 1.
18‚9. 19, 5. V 7, 9. 33, 9. 34, 1 43,
19. 71 3, 10. 10,1. 19,11. 31, 9. VH
Q5Q5Q9Q9QLQQ
78,1, omnibus (abl. 111.) Ι 24, 9, 31,
50. 32,1. 4111. 48, 9. Π 7,1.«15,1.
2111.11114.11.19,11111113,11
1411. 19,1.23,1.26,1134, 1. 38,1.
731141.141.25,1144,1.56,1.
71 2, 1. 11,1.37,11.7Π2, 11141.
34, 10. 36, 1. 38, 5. 40, 9. 67, 1. gzbl.
s.) 12, 4. 6, 11. 11, 14. 26,19. 2 ,1.
38,1. Π 7,1. 19,111. 2411. 29,1.
5. 33, 9. III 4, 9. 6, 1. 9. 7, 1. 141.
26,11.28,11.1Π114,1.1911.21,1.
1. 113411. 7 1, 11. 4, 9. 31. 16, 9.
545959m99999
40,1,4415015411.115411.

29,11. V [31‚10]· 33119, 71131,
43, 1. 711 8411. omnium (11.) 1
11, 25, 1. 9. 29,1. 1111311411,
41, 9. 44, 95. 11 3, 11. 411. 28,5.

7110,11.11,1,13,11.30,131,11,
35, 1. 33, 10. 41, 8. VH 1, 19. 15, 9.
131Ά1ἥ1π1ἢ1
9989969699
29,11. ΠΙ 22,1. 24, 19. 26, 6. IHI 67, 5. 69, 5. 58, 9. 79, 9. 80, 11. 88, 5.
1,1. 7411. 1113114111, VI omnibus (abl. 11.) Π 13, 1. 27, 5. ΙΠ
1611. 2311. 30,1. 32,1. 3411. 38, 6,11. 22, 1. ΠΠ411.20,1.24,9.
4. VH 4, 11. 10, 5. 15, 1. 56,11. 76, 26, 5. 35, 9. 72, 9. 25, 1 27,11. 71
11. 77, 11. 79, 9. 80, 11. 85, 5. (f.) Ι 19,1143,1. 711411. 7,5.25,1.
l9‚15· 111111, 38‚⁵· ΠΙ 13,11, 35, 9. 42, 11. 45, 9. 5111. 60,1. 65,
17, 4. 1Π138,11. 7 2, 4. 2418, 58, 9, 67, 14, 73 14, 8414, 84, 4,

2. VI 11, 8. 1141). 141. 2311. 32, onerariae (11. pi.) ΠΠ22, 14. Ι36, 1. one·
9. 4214311. VH 86, 5. (11,)7Π rarias Π11 291. 11111111113111.)
5411, 9111111011.) Ι ,1, 31, 1111 22, 11. 2111.

45. 11130, 9. ΙΠ129, 11. V 5411, onero onerandi V 1, 6.

VI 19, 91. VII 15, 9. 20, 11. 40, 11. 111111 oneris Π 30,10,019191111 241.
(f.) 1141. ΠΙ17,11.754, 19. 7Π 4, 11111311.) HI 1111. 19,1, V 1, 1.
18· 01111111 (44421) 14, 5. 28, 1. 53, 5. H ope 11 91, 1. opes (11.) 71 1, 15. (111.)
1111111311, HI 2,1. 10,1.1. 712211. opibus (abl.) Ι 20,1. H
23, 1119. ΙΠ131,1. 721. 3,1. 6, 1411. 7121, 1. VH 1411. 399.
11. 11, 1. 35,16. 43, 90. 4816. 51, 11. 141.

58, 1. 718,1. 10, 11. 18, 1. 34, 99. operae (1.) V 11, 9. operam H 9519.

36, 1. 711 411. 9,11.20,15. 31, 77,1. 7Π 9, 5. 20, 11. operia V

9. 43, 1. 44, 1. 11. 55, 1. 61, 10. 64, 25, 111. 27, 6. VH 13, 5. 20, 94.
9. 651. 71,1. 741. 75,1. 79,11. 76, 1.

11111111(111.111.)151,1.Π1,1. 3,1, opinio H 94, 11. 35, 9. 7 13, 14. VI

 

