375

79191917,,,9271433,.,9367,48, ι20,9.25,.,,,.,,931932946999ἰ9·
9.99791791939.20,Θ9Π39,99.47,9, 9991799(999,)6,9,52,99,99999179-
9999997979.))41,991.),484989 599 ()αο1 54 99,
99799948, 99 999ο(ῗ 11 29948 ,9917997991 777, 99, exiguis( (..αο199)
(111011115111111116 91,2 1⁶ 29 ⁹ ω 9911715999 praefi, 99, existumabat 24,
ereptum (91.) 50, 99, 99 9919799909752, e. 54, 14. ex·
orrens (m.)31,1e. istimuret 18,9, existumaret 20,9,
erumpunt 19, 9, erumpentes (aee. 7) existimarent 20, 40. existimaui 48,
972598, 99. 14. 4, s. 9. 5, 99, 6,9. 7, 5139111111111111ω4 ⁶50⁹ 1⁰
111111111,9,10111191(079)11170192211, 117511511199104181 eotetioue9‚4
9,,23 r. 99, 25, e. 26, (1197997977 799999797991991(9, 99,,9111.
urs. 28, 9( (0791. 99 (019). 30,9,3, 99 expeditionum6, 99 expeditionibus
849,85,9.,.,.,.,3793899939940 90(1.),899.34’,99,
ro 41, 9,,9999. [41, 99). 42, oso exorditus expeditam 36, 99. expeditos
(019. 43,s ..,,01944945991 ).,46 149 997977719(901,134,9,
99( ). 48, 99. 99, 99 50, 9. o. 99 99, repello expulsus 31, 99, expulsi ,9,
999999(05).,.,519529’9..,.99539 m.),.51o
etiem praes„ 1s.3,4. 6‚11.13,e 14, 117119111111911ω1114311799.
9.,40 1441, 99.43,9, 52, no. explioent 149. 9 1199991999.) 4,10
97919910, 99. 16, 9, 27, 9ο, 38, 10. explicandorum (n. 99997, 99,
39, o. 509. exploratoresor .) 85,9, exploratoribus
euentum 23, o. (901.) 36, 99,
99779917 48, 99. euiteuerunt 20,9. eui· exploratum (ooo. n.) 6, 9, exploreto
79991999(αοο.99.)24,,9 (obl. 99.) 18, 4. expl’oretis (90199.)
enooet8, 99, 24, 99, 'euooeueret 11,9, 12, 99,
99999719(αο1.7)52,9,9979197389 expositis (90171899.
99199979299991999 wrm )102711' 134, 99 exgezrnumou .,)279 externo (ubl. m.)
935, 9911, 99, 43, 9, 45,.9 (991111 extimesoebent 23, 99.
17, 9 26,9, 36 9...99 529 534 extremum (ooo. 91.) 46,9 extremo (abl
54, 9, (7) 209 30, 99. 34,9, 99115, 14. 9979999981, 99.

11914, 9, 6, 14 7, 99 (p) praefi, 99, extruitur 41, 14.
9, 99. 35, 99, 36, ro 40,,9 4499. 46, exulibus (901.) 30,9.

ὁ(97179549991999549

1191999 27999 289 81987939·
9919991799 (o.) n 38, 99 bii21,r.31,11. llebium6,1s. 24,
999997748, 11. 93115499.

exoedere 19, 99. facillimos 40 99, 799119 (9910199997,
9999199999(91,)7,99. exoelso (90199.) 99, 36941952, 99 799199999997
42,99. 9999191991999(αο1.9933,9, 9ο,79’9111799922,9.

999791991997, 9. exceptus 99751, 9 79917459 7991997 23, 4. 31, 99. 36,
..999707 77777 9719. 7791977989
excogitari 51,9. 79919597 2199 48, 9 529. 79991997
999999719919 191997, 99, exeusationem 23, ro. 48, 9. 52, 99. 7991999972, 99.
praefi, 9, exeusatione 12, 99 6, 11. 7991718, ro 83, 9 35, 11. 79·
exemplo (901.) 89, 9, 44,9, 9199973, 99, 13, '⁹'ffeoissot43'41’,‚³' {e-
111111119191191311591, (9. ),,59 42, 1111973278991119979111111199.) 2191.
ro 52, 1o. exercitui 54, 11. exeroi- fit 19 9,,17 928, 9.,89 9. 541. 7991
79991, 9. 2, 9, 8,.99 249 46,1o. 49, 19, 99, 9999 feriendum (091, 99.) 48,
952, s..4 99991179 (9011’ 7, 99. 11, 99. faciendorum (n) 32, 4. flebat 52,

 

