308

mercatores (999.) ΠΠ 5, 9. 20, 9. 21,
e. mercatoribus (1151.) Π11 20,12.

mercaturae VI 17,1.

mercede 131, 11

Mercurium VI 17 1.

1119191191(999.111.1Ι 45, 1. meruisse
711 17, 11, meruerat 715,1, me-
ruissent VH 34, 9, meritos 9199 1
11, 9, meritus 140,11. meritum
(m.) VII 71,1, merito 1 14,1, Π32,

33, 1. III 5, 11. 24, 11 V 1, 11. 7,
19,10,1.23,1.11.27,11.52,19.7Ι
3111491. VII 19,1ο. 19. 20,11.
1122, 19. 191491411. 4511.
11.61,1.62,1.68,19.83,11. mili-
111(199.)1ΠΙ 25,11. 718, ιο. 7Π
38, 9. militibus (abl.) 1 8,1, 42,19,
Π33,1.11.ΙΠ29,1ΠΙΙ25,9,26,
e. 31,9. 723, 9, 33, 9, 7134, 8.
VII 12, 9. 28, 8. 38, 2. 511591,

174, 9, 52, Ι1111191111 (999,7Π54 militarie (1. 111.) 7139, 4, (f.) 121,
9, 71,1, mentre (901.) V 2 ,11. 7Π

11111111 (111. n.) v 1, 1⁶.
meridies VII 83, 11. 19, meridiem 150,
1, 7 13, e. meridie 7 17, 9, 7Π 46,

1180, 19.
Messala (1101.) 1 2, 1. 35, 11.

-1911 (uos-1 VH 38, re.

19. 22,1. ΠΙ 23,11. IIII 2311
729,11. 7121, 9. 40, 1119. 7Π
57, a militari (1151. f.) 139, 11. H
4, 9, VI 30, 5. (11. VI 30, 9, mili-
taria (11. 11.) VH ,11. militaribus

- (1111.) 1111 11, 1. 11111. 11, 11.
1191119149.) [VI 14, 2118, 1. militium

vn1,1e.

Metiosedum (999.) 7Π 58,1, 61,11. 1111119122,125,11. IH' 19, 1. VI 7,

Metiosedo ((101.) 7Π 58, 11, 60, 9,
1111111111 16,11. 23 1. 7Π 71, 15.
Metius 1 53 11. 1191111111 1 47, 15.
111919 metendo 1111 32,· re.
metum 1111 19, 11, 71299, meiuIIlI

4, 11. 7 6, 11. 19, 1941, 11. 7114,

11. 711 60, e.

1119111 mei (ρ. 11.) 7117711. 1111901.
s.) 711 50, ,11. meum (99911.) 1111
2111. 111911(1107.111.)7Π38,1,

mlier 7 31, 9. 71 94. ee. 1111111117

931. [militi 111111] militem

7 (12.9. milita V 48, 11. 7Π 52,

11, militen (11.) I 7, 11. 25, 9. 3919.

1111111191, ΙΠ 14,11. 15,

19, 7Π 46, 1. 79, 9. milia (11.) 126,
11, 27, 9, 29,9 (018). 31, 19, 19. 48,
11. 1Π137,1. 749, e. 7Π 3911
milium I 15,1. 29, 1131, 11, 41, 11.
Π 30, 9, 33,19. ΙΠ 17,11. 2611.
ΙΠΙ 14,1. 15,(1. V 2, 10. 5,6, 13,
11. 11. 42, e. 49,19. 7Π 3, 11. 28,
11, 111111(999.)1 2, 19. 4,9. 8, 1,
21,1. 22,19.29,1.1.49,1.53,1, Π
4,11.11.11.11(01’8).19 (111).11.19.
6,211,12.13,‹;.16,1.29,1³.11111,e.
3,123,19.79,1.12,19.13,1.11.
2111499471 11. 4919531.
11 71 35, 9, 7Π 16, 9. 21, 9, ,34,1.
Qrfflmfflufflmffimffl

119. 112919 299. 37,1.1. ΠΠ
141, 7 9, 11. 18, 9. 19, 11 3311.
1101713111 31, 1. 40,1, 7Π17,
11. 94, 1. 4119, 47, 9. 50, r. 51, 9, 80,
1. 88 m. 1111111111 1 7, u 8, 11 26, 11, 1. 11. 22, 11. V 8, 1. 19,1. 24,19.
11, 1111. 41. 11. Mirr 511. 1111, 311 VI V‚u29‚ 1⁵·35‚ 11. 36,11.
11. 2111. 2111, 111 u 1. 7,9 1119. 7Π68,1. 7711.

17. 11. 19 r. 111123 11, 3111„ 34, Mineruam VI 17, 91.

11, 9111. i Me. 118 19. 111115 miuur if.) V 13,9, minoremo‘. 140,
11. 21,1. 11. ri, 1123113011, 31, 115311. 755, e. minus 99191
ῃ). 919111. m, ι. 9. 41111, 9 1417111171111.11111111.)
10,1.1.4819.62,1117,199,1 7Π73, e. (11.) 750, 9. minumum)
99. 11 1191919, 1011191 m 713,1 minoribus (11. 11.) 71149,
111111.11112119118111. 9. rumora (119.)150,1. 7Π36,1
11, 11 491, 10. 11. 479, 5911. 441 4511, 1111911119(901.11)Ι
1719 ui 11 9911721731, mi· 511 71116,1.51,9.11111111111(111)
1111)1111111,111011.112. ,1111 1811. 1111111191(1199.11)120,1.
1111719, 7 91. 21. 11. 11. 36, 111 19,1 1111111119(901.91,)7Ι 421.
e 7191 Vn 1191129197, 1111111(91111.)Ι2,11.115,1,14,1.16,
171177117191 1911111 111111

1, 11, 7111, 71, 8. 74, 2. 75 8. 11. 14.
11, 1, 99, 4, milibus ami 11111
231. 251141, 11. ,1. e. 1171
11 281 33, 11. ΠΙ 6, r. ΠΠ 10,1.

 

