304

11, leges (aee.) VH 76, 4. 77, 20. le· 1551511111 (9.) 111 13, 15. -
gibus (abl.) 1 1, 1. 45, 11. Π3, 15. 115 litem V 1, 51.
71 20,1. VII 32, 1133, 1, 5. 37,11. Liseus 1 17, 1. 11155115.) Ι 18,1. Lis·
7111, eum Ι 18, 5. 111555 (55751 16,15.
11515111 (pl.) 1H17, 5. *711 75, 15, Litauiccus VH 37, 4. re. 38,1.10.40,
1115155115 (57.) 7Π 75,15. Lexouios 15, 1115515517Π39,5.401.11.43,
1115111111, 511111111111 1. 51, 11, erraneum vn 55, 11. 14,
29,11. 1. 551. 1111551555 (abl.) VH 42, 2.
libenter 1 44, 10. III 18, 11. 7Ι 4, 5. litterae V 451411. litterarum 71
liberae (517 7, 15, liberum (m.) V 7, 14, 11. 11115115 (1511141. 10. lit·
15, liberam 144, 55. 45, 10. libert teras Ι 26, 11. 745,1. 47, 4. 11,
7Π36,11, 11551151.) VH 5611. 49,1. 11115115 (55151291, H 1, 5.
1155155 7Π 37, 5. 115515 7Π 49, 5. 2,1. 35, e. HH 38, 12. V 11, 2. 46,
ἔί551115(α(51.)118,1.719,1. V11 ξΟ48Ί1.11.49,5,1. 71 14,1. [VH
,5. ,11.
liberalitatem Ι 18, r. liberalitate Ι 111115ἑέ55.) HH323,2 1110515 ΠΠ 23,.
1141311111 n 1, 1. nn 12, 1. 11, 1, 00¹3 1 ’155 1191101311 15, 1. 40,
HmlmffivmnstmmIQ efflfflmVQ7WQHHQ
5· 51 ⁵, 51111551 5, 11
11141. ’3551111555 7 14, ro. VH 22,1.11'1⁶2,11.'4,11. 2,'14.'12‚&11. 13,
78, 5. 11. 13, r, 23, 5. HH 23,1. 7 9,11,
libero liberaret Π1119, 11, liberandi 15,15,57,1. 715, 11. VH 1411.
IHI 34, 117 38, 5. liberatus esset 15,15.17,1,19,1.5.20, 15 4511.
727, 5. liberatum (m.) 749, re. 5251. 53, 57211. 73,11. 741.
libertatis Ι 28, 11. 745 5. VH 4,11. 851. 1555151171 29,15. 7Π 44,
15, e. 11, 11551. 1151111 11110, 11. 1111111 15. 15, 11. 151. 11,
1,7Π37,11.11551151511117,5,ΠΙΙ 115. 28,15. 5515115115, 11
15, 12. VH 1, 11. 21. 64, 5. 66, 1, 77, (bie). H 2, 5. 5, 15. 10, 5. 11, e. 16,
11, 115511515Π18, 11.11Π1,11. 7 5.17,1.18,1.23,1.11.15. 25,2.27,
21,11,7Π71,1. 11.29,5.15.Π11,11.16,5 ΠΠ 19,
librilibus (abl. f.) VH 81, 10. 523, 5Π 1,,15. 9, 11. 11. 11, 11. 21,
licentiam VH 52, 11. 523, 10. 25, 4. 15. 35, 1. 1. 431. 44,
1155111 18. 15. lieente (m.) Ι 18, e. 51550152 1, 7195101511. 11,
11551 ΠΠ 1,11. 71 17, 15. 35, 20. liceat 1. 12, 12. 11. 17, 11. 29, ιο. 32, 12.35,11.
17, 12. 7 30, 5. 1155151425, ΙΠ 40, 11. 42, 5. 43, 5. 44,5. 7Π 9,15.
10, 5. Π118,5, 7361. 41, 11. 51, 16,1.28,1.37,1.51,5. 53,5. 57,15.
51155151 1 30, 12. 31, r. 35, rr. 39, 60,11. 62, e. 11. 6915. 80, 2 8521·
5111314511335Ῐ41Ἦ111313191 11.) vn 11, 4504044914.1549,11.5132.558’1123,8112
11, 55115. legerim VH 5, 5. 111- 1.10,1. 15,5. 18,1, 23, 5152515.
geram 7Π11,15.56,1ο. Ligerem 2615153315.ΙΠ4,1.14,15.15,
9, a. VH59, 5. 117, 11. 15. 251. Π111,11.14,5.
lignationis 7 39 5, 22,15.23,15.33,15. 34,1. 75, 5.
1111111111 (ael.) v 151, r, 1. 5, 11. 5. 1. 2· 1151. 21, 1, 11,
lilium (555.) 7Π 73, 22. 1. 32, 5. r· 33, 10. 34, 2. 43155.
lineis (551.) 7Π 23, 12. 45, 5. 49, 15. 11. 50, 2. 51, 2. VIS»
Lingones (5.) 7Π 63, 11. 1115ἱ515111 5. 8, 511. 13, 5. 15. 19 1221. 255·
126,14. HH10,1. 7Π665. lnge- 27, 5, 30,r. 14. 37,11. 40, 14. VH10,a
nas Ι 26, 15. Lingones 155511 40, 55. 17, 10. 18, 5, 19,1. 20, 11. 11. 3315.

711915. Lingonibus (551171 51,5.11.51,1.11.55,1.1. 45, n.
44,5. 48, 10. 49, 1. 5· 1. 50, 1. 51, 2. 4· 631
linguae (93 147, 12. lingui 11, 2. 5. 1. 55, 2. 67, 11. 69, 5. 77, 5. 15. 20. 79»

lingulis (α 7.) ΙΠ 12,1. 1.83,1, 1555 (a.) H 19, 11. Π13,1Ι
linter a. lunter. 14, 15. 7 12, 14. 71 341. VH 7, 5.

 

