337

65511. 70,11. 71,11. 81,11. 87, 8. quies quietis 81.) 7 41111111.
88,1. quae (111.) Ι 14, 11, 18,1. 19, (1111111174 ,11. 7127,1.7Π41,1.
11. 20,11.Ι 11 (bis). 88. 31,5 (bis). 35, 1111111711 1,1. quieti (pl.) VH 6,1.
1401143111,47,ι1,Π12,11. 21, quietiorem (f.) 758, 88. quietissi-
18. 27,11. 29113311. HI 19, 1. 1111172411.
2611. IIII 2,1.1. 4,1. 01101111. quin Ι 311. 4,11. 17, 811. 311133,
8.1. 21.11.22,1.23,11(311). 27,1. 11411. 11 2,1. 3,11. ΠΙ 181. 23,
28,1, 7 11,1, 2611. 28, 1. 33,17. 18. 24,]1. ΗΠ 2,1.7,1. 72, 8. 53,
41,1.11. 5611. 71 8,1. 17, 818. 11. 55, 8. [71 39, 81. 7Π11,11.17,
19,1. 20,1, 431. 711 14,11.15,1. 112011. 31111. 38 11.44,11.66,11.
23,1.27,1,30,11,34,1.138,1.11, (11111111111117441. quibusnam
43, 8. 531, 60, 8. 8311, 84,1. 85, (11111Π 30, 1.
11. 86, 8. 90,1, quibus (abl. 111.) Ι 1, (111111111111 7Π 7311.
8. 16,1. 20, 80. 40, 80. H 23, 8. 29, quindecim I 15, 15112, 18. 4, 11.. 30,
1.31,11. ΠΙ 14,1. 16,1. 21,1.23,1. 135, 10· V 26,1. 717,1. 7117211.
HH 1, 8. 18 1. 21,11. 22,11.11. 23, quingentos H 28, 1, quin enta (111.)
1. 7 31. 5,1. 7261. 37,11. 71 713, 5. 1111111111153111115,
35, 8. 3611. 7Π 4,11. 8, 7. 13, 5. 7. 22, 8. (11.) 712911.
80, 18. quibus (s.) 1 11,11. 111111, quini 1117.) VH 7311. 111111 VH 73,
1. 29, 8. 37, 1. 11241511185. 9, 8. quina (111.) VH 45, 11. quinis
1111,11111111111111114, (1111111111.
1128123111. 30,1. 34,1.37,1. (11111111113141,11.Π4,11.,33,11.
7 1,1.11. 12,1.13,11.19,1.24,1. 727, 88. VH 19158 1.
26, 11. 49, 7. 51, 1. 71 2, 7. 6,1, 7Π (1111111111 1011481531, H 13, 1,
13‚5. 1111111111. 61,1.72,ι. V 8,1, 71511. 7,1, 36,11. 7Π
uibus (11.) 16,1. 31,11. HI 3,11. 60, 57·
411. 18,18. IIII 8, 8. 7,1. 1. 7116, quintus 1421, quintum (m.) VI 38,
10. 85, 11. 3511, VH 14,]1. 69,11. 8. 11111111 (151111ΠΠ21, 81. quintis
76,1. (15.1.) VH 36,1.
(1111111111 (11. 1. m.) 1 3111. 11111· Quintus H 9,11. ΠΙ 7,11. 17,.1. V 15,
11111 11 (1111.) 13111, 1111111111- 1112113511. 36,1. 0111111 727,
(11114111.) 11117,1. quaecumque (11. 2, Quinto (d.) 1111 22,11. 7 24, 1.
11.) V 40, 11. quibuscumque (1111.) Quintum Π1,1.5,11.11,1.11111,
14011. (11.) HH 26,1, quoscumque 8. V 9, 7. 24, 11. 11. 713211. VH
VH 4, 8. (11111111111741,11. (1111- 8815. Quinto (157.) Ι 45,1. 1Π23,
4433110013341410 4114051ῗῖ ³57? Τι’. ...88528151 715'8'548'5.) 131111. 48,
quidam (11. 1. 1ιέ 1 4211. 7 27, 1. 111Π 29, 8.V 29,11. 7 34 1. 51,1,
1111, 15. 711 5, 8. cuidam (m.) 7 11,... 71 5, 5. 8, 5. 11,1.20,1. 11,
48,1, quendam HI 18, 1. quodam 11111111.1137113111111111
111 3113 ¹⁶¹ ,3 δ’ 91· ‘²⁴8² ν3311· 31313· 133 ³¹⁹
832444518515 (ἰ ,3001411111 41, 1. 3111.. 88,'15¹.⁹‘88.15.’78⁰,‘5, 4511
musgam (d. m.) VI 24,1.[111- 11.) 118, 81. 20, 8. 21, 1. 31,11. 34,
7421. (1111111111 ,11.
unIiIbgsbdam (al. m.) VH 37, 8. (f.) ’ζ’ , . , .
quidem 1' 44, 8. 11, 18. 11,.. 311. 40, η’ 11). 15' 11, 15' 41. ιο. 1 , . ζ
1. 88. 50, 8. 5111. H 3,11.17,11. 1.11.11.85Ᾰ,1.11111111137113111.
ΙΠ 2,11, 4,11.6 8. 15,1. 19,1. 1111 VH 241. (1111(1111111 VH 55,
7‚18 (511). 9,1. 11,11. 72311. 40, 15. (11111 142, 8. 111143, . ,1.
15. 42,1.43,11.11.44,11. 71211. 729,11.44,1.58, 18. 71 7,
2411. 288. 3511331111. 42, 1. 11,1. 31,1. 1111111351. 40150,
VH 6,1. 8, 8. 29,11,47,11. 5011. 8. H 32,1. 331, ΠΙ 14, 8. V 57, 1,
5311. 56, 5. 62,11. 66,11. 74, 4. 713111. VH 31, 1. 541111. 90,
77, 88. 8. (1111(111.) Ι 7, 18. 20, 1. 34, 8. 36,

escwi· b8llum (1111111111. 22

 

