310

Ι6,2 8,.2 22, 515 24, 5. 25, 22, muliones (212211Π452
26, 5. 11183, 15. 2121112122, 21, 1221111112131, 55. H6, 2, 122ΠΙ

222, 11. 21212. 48,2 ,1Π110,2,

36,2, 11121122(1111Η6222.2122.1
11, 22. III 2, 4. montibus (557. ΠΙ
1, 12. 2, 11, ΠΠ 235.

11121212 ΙΠΙ91. morsa 11155. ΙΠΙ
11, 10. 758, 14.

1221822 1111, 2. morbis (22211112 2

Morini ΠΙ 28 2 HH37, 5. Morinorum
IIH 22, 515. Morinis 75) VH 75,
14. 516510511 II4,55. 1119, 55 ΠΠ
21,2.,382124,21Π16,2.

1221221122ῐί 111 222 mort uus 221 Ι
4, 12. 1112111121 2181 m.) VI 13, 22.

Mon 22 2154, 2,

122121 1112111121 Ι 39, 2. 1111222. 1
44,21, VH 40, 11. morantur 1135,
22, morentur VH 66, 15. 78, 21112-
1211 1Π9, 22, 124, 22 moraban-

11,2 11,,111411.112,.227,.224Π2,
144121134236121Π211
23, 12 48,.1 72,5. multitudinis ΠΠ
4,2158,.11Π11,.,222011.30,
2, *63, 2 16, 12 multitudini 11118,
5 VI 20, 551155, 12. multitudinem
14,.515,5.,.l75 33,11.35,.,144
111141181111112 Π124,2.
ΙΠΙ20,1.2272112.,271249,
111114224,1Π38,12.42,12.
11121111 tudine 12, 14. 27, 15. 51, 5. 52,
12.,,.Π52628,12.10,.215,.224,
2Ώ2Μ2ὠ,1,ΠΜωὮ2
23, 2. Π111,2,33,2.34, 14.V 8,11.
35, 2. 36, 2. 31, 11. 43, 244, 12. 11
23 2234224321Π41244,2
50,22.,.,.,.,.101142152801282,
5. 86, 2 †mult titudinee (121111 63, 5.

tur VII 22 15. moraretur 11 11, 2 multo multatos VH 5410.
morarentur Π 10, 15. 1112121 us 1'111 1111112111(1211.1122,22 1112112212.)

19,1. 1 47, 5. 1119, 1. morati (11.
211118ἕ6, 15. H 1, 2. 121,11. VH
5, 2. ,12.

11121112 130,2. 1114, 15. 11121111Π

‘ 77, 15. mortem 14,11. 51. HI
22, 2. 120, 2. 29 5. 11141230,
10. 11138, 15. 48, 22. 1110112144,
55. V 39, 5. 41, 2. 53, 12. 1119,.2
VH 1, 15. 19, 15. 89, 2.

1222111212 18,2. H 13,11. ΙΠ119,2
126, 12. 37, 5. 43, 5. 56, 2, VI 44,
5. VH 2, 5. 21, 1. 33, 11. 40, 11. 48,
5. moribus 747.) ΠΠ 3, 2. 7557.) 1 4,
1,Π 1551111 2, 12. 11 11‚5.

Mosa (11.1 ΙΠΙ10, 1. Mosae (9.1ΙΠ1
15,.2 Μ2221111Π19,.,.2122 16,,11

V,24 15 VI 355.

1112122(11.“.21ΠΠ25,.2 V15,.4 9,5.
motumIIH 23, 22 15,.2 111,1.
1Π43,12. 21211112511ΠΠ251.
153, 15. 111412. 1111,1.59,.2
ἔξω 7 21.) 1 53, 11. (212211

15.

1112281Π2,12. 149, 22 VH 8,12.

1222221115, 2 1112112121ΠΠ9,,2

111,2.121111212126,.2 multum
(23221Π19,1.,2252. HII1‚..1415
3,5. 11,.,1122.,142. 1121,
1.28,.12 30,..21142,2..412
VH 11, 2 55, 22 84,,2 multo (554
111.)Ι22,.,221Π23 2 mult5147,
1211126121112812.1111111ο(25112.1
16,12,.,,.16114612ΠΠ31214,12.
40, 2, 55, 2. 1142, 4511'1450. multi
5771555. 12112 VIl4,4.31,
mulae75 1113321Π1811
v40 15 1111111212.11.,1.1Ι45 IH
10,2.1Π81,12.1111111212111 Vl 25,
2 mulus 747 5114455 multae
131031114055H2914 VI
305 .,341235,221Π[38,.,11]41
10. 455 multas VI 22,5 multn’
{55571445 Π11, 15 711411115
4,15. 25 12. mullis (21521111ΙΠ
20,2, 1221,,.2521Π92132
42,1.,.,11011822. (21112ομ 1111
10,5.,161.V1l,1.17,11Vll54,
1771'50515255111515.
25,.11Π13,12,,2,4 10 22121
128123521124231121115011.

mouit VH 41, 2 551511015555 1 mulus 2121212111 VH 45, 2.

22, 15. VH 18, 5 mouisset 11120, Munatium V 24,12.6
2211121112111112114022 111, mnndi79.)VIl4
15,mouenil39,55. ΙΙ 31, 1. 111, munimenta (2122111617, 15 .

22, mouerentur 111 76, 1
mulieres (221129, 5 Π13, 22 mulierum
IH14, 22 11111Ιί211522 (3211112, 11.
mulieres (222.1151,12.Π16,1.11111-
112111121251.) 112122. 1Π41, 15.

muniunt IH 9221111111112 I 49, 5. Π

5 2219, 15 Π123, 122812. VH
29, 12 30, 12. 58, 5. 1221112111114,
15. 1112212521Πὸ, 22 1211111111
1, 21. 2112121121 V 21, 5 munierant

 

