336

13411. 311 7112121167,
11, 1681. 7511, 111 1,11. 2,111
611. 9 1, 12111. ,11, 4011, 47,
11. Π 41. 17,11. 111 1411 18, 11.

21, 11. 1111 6,1,1, 37 1, 7 1, 17. 7,
118113181Ἆ1Ά

121ἮηηῆηΆ1Ἧ
4,11. 7,1 11,11, 12 1, 18113411.
11, 1. 41, 1. 111, 11. 1 19. *1,1.
UtQammeFssmm
11
1ὤ1ω181ὠ1ωῶη1
Ά11Ἇ1ὢ17ἢωῶ1
ἂηωηφῶ1ὢ1ψ
Μμ1Η112151611
fflvzffitssfflstssssffimffl
Π1Ἢ11Ἇ1ἢ11ἢ
mwaaffiafflm91Q1
wmssamananw
1. 1. 99 1.1.11.11.1ο,40,11.11.52,
11911Π1111213
111141ω1131119
1012161Ἁ11ἠ1
161η11η1181
24,1.1.1.11. 27,1.1ο. 28,1.1. 29,
1011Μ1181Μ11
2116101Ε11ομ19
1231811ΜΜ1411
118Μ1οω1η1111
19. 121. 13,1.141.1.16,11(511).
1191911Q1Q1Q1
11, 1. 111 ,61 1. v 1, 18. 1121.
3181,1Ὦ112ΜΜ.
Μ1151Ἃ181Ἠ1
30,1, 3111. 85,1 (5111381, 39,1,
mmssst9ssmffimWQ
1999911m9991
fflffnwssmAMAQQ
1.·1. 221. 2111111111. 28,1.1.
Μ131211Ἇ1ἥ11
311010101Ἧ1
1121ἧ141151611
11, 10, 9. 1,·1, 12, 1. 17,11. 18,1.
20111 27,1 21111 311 331. 38,
111. 11. 41,1. 421111. 451. 47,
191999Q9Q99
afflQOfflmffizmm
Ήψ17ᾚ181ἢ11η
111100111611ω
111111111 ἋΗ
maQnstzfflammn
1211120111 34,1.35,1.Π35,
1.1Π17,1,20,1123,1 201 28,
szfflstQOffim
*2311 2811291311132,

1Ἆ1ἥ115181Πψ
23,1.43,150,153,11.58, 11 VI
19,2 ffl‚1. 27η, 311111 29,11.
48,1. 51, 9. 65,1. 7211 73,1, 75,
1100).83,1.11111(11.1ι.)11,1.3,
1Π1191Ἆ1Π2151
1Η121Ἠ1Ἆ1Ἧ91
Μ21Ὦ1Ἁ1117Μ1
Qssffstmvffl9ffizss
1. VI 10, 9. 13,e. 20,1, 23, 11. 24,
1Qnmffiffffizffimm
7,1.11,11.14,11.19,11.22,1.23,
11. 3111 38, 8. 77, 15. 80, ι. 81, 7.
Q1Q9Qmmmssssaffi
ussaffi1QQO½u
HL9mmmmffiffffim
ΠΙ21,1.22,1.5. 1111111117,
4. 8, 1. 11, 6. 12,1. 14, 1. 15, 11· 27,
11, 7 5,1. 24,11.25,11.27,11 43,
11. 45,1 5211. VI 4111. 11, 1.
211. 31, 5. 40, 19. VII 5‚4. 8,15.
ffi9mnffi9Q19Q1
39, 11441. 48,1. 58, 16411. 76,
affimqwmIL1Q9H
2015. ΠΙ 4,1. *9,11.13, 11. 28, 9.
fflhnwfflmzmeL
VI 9,1, 27,1. 42,1. VII 35,11 72,
1ssm9mmwmm9w
16,1. quibus (d. m.) I 2911 3011.
31, 95· 45, 9. 111· 14,1. 251 1111 2,
1. 7,11. 13, 7. 18, 5. 725, 19. 27,
anWffiwQOffi
mstzfflssnwmstssQ
LQmfflm1vaQz
quos 1 7, 11, 14, 11. 231 11 35,1.
mffiszmstmfflnQ
znssuzzmuaaffiz
anfflamffiffissaffi
1. 19, 19. 22. 9. 26, 11 ΠΠ 21. 41.
7, 19. 13,11. 14, 11 15, 19. 16,
181Ἁ1ὣ11ἥ1ἥ1
7114161121η11ἥ
fflfflastustufflaaw
1,18,11.1112,11,19,11. 211
40,1. 7Π5,1, 3111311911.
2015, 2011. 28, ιι 31,]1, 33,11.
311. 3611. 381. 4011 411451
mfflaQOQ1ffinffl
1ffimstw.m1mzuffi
1Q1Qm kfflmstffi
11311311 ΠΙ4,1.10,1,11,11
111 1111111. 1111411411

17, 1. 19,1 21, 11 Q& 38,2 V&

mmnffi9mffisssmss

meanaessaenQ

ammmffi1ssaw9

 

