254

carco caruerint VII ·,17 11.carncrai 15. 50,5, 9 10 53, 5, 56, 55 58, 5. 4.
VI38,.4 5.49.117,.,8,,8,,8.515515365537519
5551555155μ11Π1135 40..5919.585.,,.4159428,.511188,15.
045551558114,51Π2,5,·3,,5(155 18;,.,,855195520,5.,8.,.855927529,
1515111113554441Π115 14,30,55,31,5,,35,,,5540 41,4,5,
Carnutibus V1175, 11 0551151558 11 14 4485 45, 959. 53, unc. 58, 14.
35,5125,.,5529 56,5,1,.135 6215685 80,1,ο883,5..1588,55.
545455114' 5 55, 1. 55' 12. 115, 10 15558(1ι1’115,5 1'51415'10.
1Π2,5. 2838588822515 26152715291.
455945155114..41122,,5 39,15.198.40,55.43,5 47 5548
ca1parctur11117’,5 5594951150555155Π
carri(p.,.,.·l)109carrcrnm13acar 6,,58,48...151555811,.1512,5.
155126,4....59ΙΙΠ14551Π18, 16,520,,,5523,.55245.1526,9,
5351181353818535838 888 888 3133331. 8181118138381488583
canas 5511515118(1.)1Π19,15, caris· 28, 5. 30,8 10. 32, 11. 349. 15. 35, 5.
..1111911331 313 ,.853, ,1 33,’ 313, 33, 331
333339333531185881838985211 Cassiuel- 33, 308 3381898,88 5, 8381, 8358383818 183,
launna V 22 5 8(155154115551119. 14. 17, 1. 30, 55. 34,15.15. 28815 35,
5,(1555155115111111 205, 21, 4. Cassi· 51583519 19. 55. 40, 4, 485, 4. 15.
nallaunc (dg V 11, 55 2285505551- 46, 5. 10.8(1ὶί8) 49.4. 518, 5. 53,8 5, 58,
1191141119(α11120.4 5,61.5.,..8,.8.,665150854705, 73,
(15551(451..5.1121 57457958094815825,
Cassiano (abl. 55.) Ι l3,5 8514 19 18845. 88, 15. 898, 5

cassis cassidibus (55118111 47 5 casus 11113, 59. 144, 55, casum 1131,
0555151117,11.12,.5959 11.Π15,5.,.225130,5.11,365.
castelli VI 33, 10. 'castellnm Π 9, 55. 40,5 .11811, 5541, 19. 55515112, 15.

castella ,511181 1137, 55, 1Π878,5 118281, 15 8,133 19. 48, 15. 52, ιι.

castella 11Π69,55, 55519115(αέ581 1123,5,30,5,37,5, 428,51Π820.
18,5. 118, 15 castellis (abl) 11 55 casua (585571 11'1131,'4 11 35,
29,8.,,930433,11.Π11,,,91Π69 4,,.1Π651 9,111.
15. 81, 15. 051555115198541515113,5
Castico (41) 13,5, catenas Ι 47, 19 catanis 8155511153, 55,
†castigatus 113, 10. ΠΙ 13, 5. 127,5
casira (a) 117, 9, 8, 5. 36, 15. VI 40, Caturige's I 10, 51.
41Π26,5.869,51,70,15.55511505111191955118,31,0515915124
11911Πὸ854. 23 55 '1114,5.,.64 59. Catuuolco 55111265
1515.15’1.1111’30‚‚,432'5. 189651551111551Π6715
5ο,15523554835485553(34995191191154,5.,,1155
55151Ι78,,,88.8,8.55415425111551911112,5,8551151518,14,41Π
28,585,4,,1,8,,8,5,52556158583,5 2,.4
55511151489μ5518,511,17, 18,1causa131,5.47,..5141111‚.547 α
15153555941’9,5’581’19,5, 511148111554 5555151813
32 553741Π1653551540 4,,4189,5. 981191111Ι4551381111α
549,560,,5 59511519551115,85 43555019 121,14,,415
8282585551...,.,939554045444816,5.,1881,,2354382..8.535537Ε
1.9..,,.8,.8,.,5,4495155045551 551Π49953151445531Ε
2595195975995511 9511551119 14, 18,.1419,1ce·
19,1318ο,,517,189,5,,,..55524955 39,..555851.,,84055842,54.44,55596·
ΙΠ314659185915592355 4785,948,59 Π7,51,,01511,5ξ31
2414Η55825,528,5.,52855.811Π15..,8.,.85171520431,.8.8524,5134·
9,.,5.,.8,.8.,,135514555155831,532 111’1,.',..',.,.,9291575810131.=2-⁹·
434611355315135522 1717189923151111154>24
55.826,.,8,,8,4052953115 ,58.,49198 4499511111291354196

 

