79

6,,,,,.,.,623624626630632,.6
49,,1,1,,1,66Π465666.66.1,.,6616
6266663166336666356
11111,6.68614,...61566186666.
25,62.6,6ΠΠ1,.,.1..769611612
6.16.13,6.,.326636,.6 7116281
7mfflwusssufflw1fflsffi

666713669612619 6621,
6,,.25630,.639,,67Π8,6,.6636.
66 44 50..61,57,,66366. 65,66,

70,617,4,6,.806(11)Π8,.66Π126,
6,2916.1ΠΠ26,,,67166.,.,34635

Π4, 66, 6166666141, 66 Π5, 66 11,
1516 111187 726216 71
14, 6, 1116666166 I 77, 66, absente 111
171 19. 77, 66. 7Π11, 66, 66, aberet
Ι213,6.1.43,6,,4961166.,,ΠΙ967
469. VII47, 661)666661ΙΙ121,.6 746, 9.
VI7‚4. 71126,,,64766. 6366 82,
6,61616661Ι22,16,Π113,,6,ΠΠ761,
11, 67,5 9 53, 6. 7Π38, 6. 6166663661
Π11,.761ΙΠ11,.66 7Π63,66.616-
erunt VH 63, 66. afuisse V 53, 66
713, 66. 6161666666 Ι 36, 66.

6,,53 19. 71 28, 66. 7Π125, 19. 499 66666361 17Π 64, 6. abundent 7Π

5116656826. (666)Π17,63316.

14,.66

Π11122,,66 7123, 66. 7Π52 66 71, ae 3661616) I 23,,6 31, 14. 33 66, 11

66826 (6)Π11,,6..66256.66ΠΙ1

29,.611ΠΙ6,.,,,,,6676640642 48,

661,58,6 71Π16,.,66116.79,116 (71

vi7‚’9‚.,71934'*.97’7146‚’1.(9)1
499 ,Π1122,.,,667Π226 (6)Π5,

66661366 ΠΠ6675367118,
6...,27629667Π2,.,6106.29.66
3Μ636Μηῶ66636

666, 69, 66 71 1. 73, 11. (6)111, 66 46

6115, 9 14,6118,61,6.23,,66ΙΠ2661
. 9‚9.11111,9.6,9.9,917,19.1919.
19,627,.66 73,.6616.617,6.33,
17. 47, 66, 49,6, 719, 66, 66 10, 66.
43, 6ο, 7Π4, 66 20, 77. 31, 17. 134,
4.'fflwnffl7ffl7ss7 3,6
(1)Π10,.630,6. 731616 7Π143,
66 47, 6. 52, 4. 87, 7. (66)1*7Π 14, 19.
61366611715, 66. 613136666611 12, 66.

7 9 11. 711 18, 9. abdiderat 7Π130.

9 abdiderant 111Π1 18, 66. 38,6 7

8,6661)3116(66,6,1) 71344 616-
3111 (66. pl.) 139, 66 Π 19, 66. 67631-
ξ1566 7Π79,6.167)31116(α37.66.)7
6ο.

6131611116,

abeo abite 711 90, 9. abisse VI 43, 66.

abicio abiciat 748, 6ο. 6161666671 37,
6 616666 66 (abl. 16.) IIII 15, 7. 37,
66. 7Π 28, 6.

abietem 711266,

abiuncto (9. m) VII 56, 7.

6166 (6676 1) 7 30,6,

abscisis (abl. 666.) 111114, 66. 7Π 73 6

absimili 1611466

6166161 terent 7 17, 7.

6161166161122, 17. abstinerent 7Π

6111161161 7Π 42, 6 abstrahi 711 14,
6.) abst tractos 1117, 66.
absum abest 14, ιο. 6166666111, 7. 10. 6.

11671231 (6)1Ι44,’“1.,755
61161161766766
23166,,634 ,38,61, 7Π34,6.,7266.
(1)13,66,301,648.,6,,,6Π12626,,6
ΠΠ1766 33 6674266 7124
91³4 ¹3 4314 9 4 >97 9 4¹ 244
1743191179111747111970
1010 14661Π11766711657
6.17Π2816,,,86661(66)13.166,139
assssmmffl7fflffl7fflu
ΙΠ13,.,.,,,..6671627663665366
712,1[6,,,714667Π65,,616()120,6,
140,16.Π28,6, Π14,66.,5 6. 6, 6 6625,
61ΠΙ1766 7130 34663661
7Π8,.6166.,,386613,6 p),118
mmmmwffissfflslwffl
mfflussffl1fflss,u.½,9
19,616,286. Ι11112,.1,1.62363258
33,.66716,.631,61,.5461.,6656166.
7118,6.613,610.6.622,.1.62366
35,61,,1,1.1,.1,36667Π1664,625973
6ῩΞ,)Π196624,.,,.,,62566ΙΠ286
6 24 66.,7Π1 66. 43 66, 47 669,
ιῶΉ1ψ66ἥ6Ἢ6
33,9,367. 9,66.43,,,,.664461124
6128,,9131,,66 ΙΠ41.,,116612,16
17,619,6.11Π1,66.11,1,,161866
21113,24,,.662561.*30,61,,6377
76686618611962346624
61,1.,,5167113664367Π19.16
23, 11. 45,6. 50, 66. 71 .77,66 (1)Ι
241,,626116,3966.1Π66 11,6 25,
66,1115,.6611,.613166,115,66·
ΠΠ33,6356743,16.6671114,
66.,.1.3566416 711’4619599
77..1,.1,.,.6680668268866ἓν)140,
66.,...74066713767Π3 66.,72
ww,7w4

711849. 66661727 66 7Π9,1 66766161 accedit 111 1216. 750, 7. 58, 6, 6666

 

