364

V00onti010m110,11.uri(.21 9199171261
V01000i0m VI 29, 99. Vsipetes (n. 11 111161, 949 79199
*Volcae 71249 Volcarum 71164, tum 1111 69 7916 199 (999171
,.999999196),99999 9999919999( .,)9999999
99ὲὶ991171115η9. 4919996911 9911961999 ent V11 22,9.

99999150,,,9519. Π11599 754
9919999191 11011112 ιι, 9911191111 9,,71379,7Π617, 10 469 67,996
25,,99 7309. 991991Π118 99 70,9,80699
7113991499 7Π4799, 99191 9999(99)14099 Π20,9, 11114,
1349 6,43,996.Π6189.948,96,,,269 99,,.ΠΠ19962,,6971159.71180
72696,96,6,,,,.951956997Π31,9.9999(96,11Π613,997163999991
9,456,,99 99119166,,.6114,99449999 1389Π8191629111199ΠΗ
99991,99,,9,,9999999,,.999 99,9’.99,.,,999919,’9.99,99999
7114 9923 99 711899 6991191 55,,99 usum’‚.,.1391110111911
34,9 47,9,161Π15,,,,99741999- ΠΙ6120,9925,,97429,6,999130
1949961613,9.942,,,,,99111197,Π11 9,,50969.1Π8669ΠΠ33,9,,67699
229, 766996 991954911639, 21. 71260,9.40,969,,,9997Π999999( 000.)
9939111469. 36, 99, 44, 99.,99 47, 7124, 99,
94891ΠΙ2399719993419921129993999994999599
9976Π16,,,9927 ,3896 9911969911 6,9,6.,6,,ι9799999,99699,,9,10 11,
7,,,992896,,.6309931,69,36,.9726 9129139999991691999
99.,35,.6943969.1713499201211 20...9999262,.,,99992569.,699999.
11111669 49199611229 uoluis- 269, 28, 9. 14. 29, 10. 31, 99. 40. 99,
9911163,,,94599. 33699.996,,34935,,,6999369.38,
uoluntariorum V 569 9,9 99, 39, 9,.99 99. 99. 40, 99, 41, 99.
9919919111 20, 99, uoluntatem 119, 12. 42, 99. 643, 9, 9.,999, 99. 441414
9,,,31991Π611,.9,,959974,699 46.6..69994799,43,.,,9994999.,50
711635, 99, 99199191417,99 20, 9,6,,,.519529 Π6,,,19399.5,699
1.,'.‚.03012351039,.,’..114401211’ 708109010101410114
4,99, 7 27, 11 941991919699754, 20. 1410 149, 10. 12. 18, 9.,9999
99 00111140’002(000.)V11100. 21,99.22,,94.,,.6,,9239259269
uoluptatis V 12, 14. uoluptatem Ι 53, 276 9 4. 9, 10. 99. 28, 0. 12. 632, 9 (9196
99. 9919919196153, 99 ,211 10. 33. 9. 9. 99. 99. Π12,4. 399.
7919999991Π59ΠΠ21 997141 4,,.66993,9.,,,,999991296,,1399.
9791999999996 1111 21. 79199994 20. 14, 12. 99, 99. 165, 9, 9 10. 176 14.
(951.,1ΠΠ23 12. 10. 18,6 99. 19, 99 99, 20,.9216 99,
Vorenus V 44,1.10.10.20. 7999997 22, 4. 626, 9..6,9ΠΠ1 9926 9. 9, 669
469 112010 9912913 99 99169,
000 (99171 35, 10. uestrum (9.1 7Π 99. 6,17 12. 99. 99. 19, 99( (4191. )14. 21, 9.
77, 12. uobi's (d) 71150, 99 uos 12. 11. ’,23 10451'0 14 25,10 27 9, 628,
(949.17Π50,.99999(999,617Π50, 9,,,299631,9,3, 9.,6,6,6,359744996
99 uobis (9511730, 9 uobiscum 711 3,.9 699 99. 10. 18. 76.9.99 8999,
94.9,.,9.991011,,99.1,2969.6,139.
799999619411ΙΠΙ 10,.1 14. 165, 9, 166, 10. 168, 10. 196 1.11. 20,
99999171169, 9,,627 99. 96. 24. 3669 31, 99. 33, 11.
99971117,94.,.9999991329999911 99.346,,936,,.,9937449,33,.694099,
13,9Π16125,997,630999999(.141994399999 9,9.,9.45 46,
1Π24, 99, uocibus (abl. 139, 9. 99, 947, 9. [99]. 48, 9. 99699, 49, 99. 506
Η30,6.9,,1Π17997 ,99.6,.4399 9,9651,,,9539699.54,9994,,559,
71369 99.,,,.,,,,,57958971192939,6.99
9969999(451..,9917Π19,,99599997Π6,9 7,9,,.,9899399. 610,9.6..6,99129
99519(9.16·,,,7Π9694799689 ur· 241411154171018,.40²22,
59999711,9,761115,69996417,.9 99,,,23927,699.,62999.6,,6993099
369, 99549 (99 991 7161169 9951499 11 326999 6,33 99,34,9.....99999999
71612699 99356.,6.,,,,,.9993799933994099
999991Π6,,259.269. 99,6941,,942 643,9..6.,99994494.7Π

 

