301

11161011114926411113691terum13114461441044)444
ae4wnffi44mmm1mvm51

444. (66,)1129, 11. 712,.6 6616666666(61)Ι48,66
1616(66,.6(.)7Π77,66 16616117,,,,6196621,.,,6Π5661Π
1161116. 14....91413991414 9..',..',.411414199'111118,'9.214.
666661566[246]2668566 71,66.,66662,6..76666.11,,6
666666666666666Μη6 6,ωο,
11,66..19’,668’3,.661’116,6,76 6667146566676686683
12,6.,111’1126,’,.,’.,’236296886 9.v114,14'4,'.,.1111414.14,414,
6,37,67.1,’661,.36680. 47,6, 6,,,,.,31664066456..,’6606.64’
7111,6.’,’1266.,1366156.276 6,,66667 706666 7166 744
4,.m4,.··4‚444 16, 6616666666
14 7468266 6,,75167115866,161)661119
1414454.) 711,6 7Π1,,6 Italiam 66.16566161(66)7Π26,6.16161)63
11063366Π2966 35661Π 11Π31,.,.67Π366667,,61656661
1,6,,716,29,67Ι44,66,7Π1, 1]9,.631,66,711,6, 1666611124,
5155. 1122511122,6,66Ή7132,66. 2528, 423. 493314 31515'31'1115,
itaquel 206 19, 66287, 65240, 40. 1663222,61123622562262163232,
54 2266219156 106116. 66.86,,674,6, 6,18,6’,624έ6. 14 71
6, 172, 96. 20, 866, 30 ,126 31121626, 1173, 3133, 62813, 163. 1566621661 1121122731
4.,'.,'4441011,4,484,.49454, 87,6. 733,.,,66346 161666661Π1
67136. 14,.624,6 406,7Π 114 411114601976488
¹⁰54 ²555 80,6.85,6,,55 66, 56, 6, 166616661127633, 66. 1112,6.
i74m1514.1110101414 29,,6236 3341366573252333332323112
6.43,6,44,,6653,.66 Π1,6,.866 2414.i499494454.44441135,11114.
6ηη6η6666666666ῃ4η666
13;.,.ἶ.6256296611111,611,6.666, 7111,6,,446 ’16616166516722
25 66266715662767Π64 11 71116316 16116116(67)71
555⁰43174411441 222116116656613
1 441

71ομ6 41442414511404 ΠΠ136,22,6,161(11661)61617Π55,
7, 6 6. 6. 6. 14.

46,.6 1166 (4404) 17, 6, 66, 11. 8,6 6616316666667Η7766,1661166661
10,. 14,6,15,6,66,1’6,,,621623,140,67182,,616611666117142,
641, 66 Π 16, 6, 17, 6, 29, 66 111 6,163166666666171 20,.6 1661666661
l‚.56‚.14 ΠΠ7 1.4 82, 6 719,130,61661661666617Π52,6,1661-
627, 66. 46, 6,,49 6. 71256. 9. 711 66111744, 6 1661661666614066 144·
8,.411,4.34,.1140,1.142‚456, (11044‘111244014112514
4..14 53666, 66,6.66,67,6,.68,6 16ῗ(6.)7Π3,6644,616(Ῐυ661480(.666)1

1116661366 9, 11. 10, 14. 21,6, 14. 12 66, 21, 6, 7Π6
6ώ6666’666 4,4 6636466666,
41,9.11'.}621244.1'6,42'9‚4 11.VI40,4..,14VH4511
Π120,,1,662 6266ΠΠ466 11 166661666613Ν6716, 7136 6
6.,146.711,6. 15,6, 19, 66, 3344 43,6, 1666616166),7Π116. 12,
323 32, 5. 555055, 5536. 666 9611 14450415511 (263226Β )(1111) 1212662, 2

6666 (66.)16,6, itinerum 1112, 66 iungebat ΠΠ 176, iunguntur 7Π5,
7117,.6 25,6“. 7Π11,66, itinera 19. iuncta (004.) 1111 17, 19. iunc-
5555111165143’511584 35 ιιι321233ε 16515632171121268 u 12 4

66 ΙΠ3, 6,.66 737, ’.ἶ6648650, 1666166727,6,,.286

,713 14. 34 11. 411'9, 4. 1’4 4. 9. 1646666141· Iouem 71 17, 4. 8
35,,6656,6,,556,16666616,68,.61ι66512,6

 

