54

54,4554oti1uorem139‚.,4440 1,.438,.551515(567..5126,4.
51111352141, 5511444545122, 216,421124,.,563 54. 2,.4510
44 235275 39 55 11111355 44454. 77111113, 5. 21173 55
34,.5 ’1233 55, 2123,5,3745. 2Π t0t14(a.3l n.,.)[13414] Π6,.5 23,
265443,5..,.457755 44. 123745
7714451545Π9, 55, ΙΠ17, 1. HH38,.4 *101401141111114611
229,,5 33‚1.36,4.v'132, 11 Ti· trabea (44. 7.) 2ΙΙ2,,,355 555.) 11
1445112235 39,5. 2137, 1411- 29,.5 1551114445 (abl.) 1111, 1. IIII
15515(57.)11119, 14. 1111 22, 14. Ti· 17, 55. 2Π23, 14. 14.
tunium H5, 14. IH 11, 4.V 224, 54. tradit 4144 tradunt 2114, 55. 211
27, 44. Ἰ115515(αὸ7.)1110,5,2,41 3,,15145114511121, 55. 2117, 5211
4211, 44. 835. tradebant 21147, 45. trade-
Titua H 26,,5 ΠΙ7, 55, 244 5 Tito 55441 151, 55. tradiderunt VH 77,
(47.) V 3355. 'litum 11 11, 10.1H 55. tradidisse 21120, 44. tradiderat
11, 4. 1111’38‚ 1. 237, 55. 211, 4 33, 225, 55, tradidisset 144, aa. tra·
1. VH 49,4 90, 555. Tito (577.) ditur VH 54, 576, 55, traduntur VH
1Π7, 44. 2 24, 4. VH 51,, 22,5, tradatur 211 63,5 14511211
15155545 VH 71, 45. telar4rent 128, 89,5 eet traditum VI 8, 55. 511
51515455545411 2Π 73551515- tradita 1Π17,5. 1454111445 (m.) VH
randae (⁹3, V 475 39 4 14541115 VH 2 5 155ᾶὶ155211
tollunt 23 51511545 21 17, 54 tol· 23, 5 traditis (517. m.) 1 28,4, H
leret 1235, 21235, sustulit 21 134. 15511115(507.54,)127,5 Π13,
41, 11. sustulerant 1111 28,.5 tolla· 5 31, 55. 32,.4
1442134,55,15111142,54,1511544-145155111 13, 5. H 10,5, 219, 5.
<lam 2Π 14 ra. tolleretur VH28,4. VH 11, 55. 45, 45 53, 14. 58, 55.
sublatus V38,1. sublato (abl. 55.) traducunt V 51.1. 15535551 144,
111 22,55. 218 55235. 21112 44 traducere 115, 55. 9, 5. 1111
14. 24,5 81, 4, 83, 5, 55311151’15,5 19, 55. traduceret '1 3351554144-
5514151151455( 147. m) 115,4. sublatis 5555121125211335145-
5111111313 ²⁷ 4144 4⁸..4.14⁵44444414
Tolosatium 110,5 Tolosatibus (4577.) 1513454551 1 115. 1535415511 Ι
2Π7,5,19,5 tr4dueitur ΠΠ18,5 tradu-
tormentorum 111145. 5, tormenta (555.) cuntur VH 45, 14. 1451415154 1 31,
Π8,55. 21141, 14 tormentis (5747.) 54. traducendum (m) 1111 17, 5. tra·
ΠΠ25,5 2119, 55, 2Π4, 55, 22, (154515 2Π 37,.5 tradueti 4(pl.)11
5. 81,1a. 40, 55. 155145155131, 44.H4,4V
torrerentur 2 435 6,14. 1554155115 (abl. 7) VH 35, 55
151Π110,4. 222, 5. 23, 5. 29, 55. 35, tragulam 2435. 45. trag u11'4 V35,
aVH 14 524, 1. 39, 11. 14. tragulas 1’ 26,5.
totidem148,14. H 4, 55. 44. VH 45, traheretur 1 53, 55. tractus VI 38, 10.
15141512113155151544451 54.) 211725, ι213155135421132113361114144531435(511)
151155(51.)Π195 ΠΠ29, 55. VI 2Π82, 4
5, 14. 41110, 14. 62, 55. 68, 55. (7.) ),Ι2 1515514555. 5.) 1111 21,5. 1145155155
535535355355 22,5.
435.,5Π455.Π116,.521,52,3,1555555133,.4
53533, 45. 55, 4. VI 11, 14. 12, 55. tranquillitas HI 15,.4 tranquillitate
13,’.5529’.55 VH4,4 ,13,.,52955. 22355
63,4. 64, 14 (5.)Π4, 4441 1515 15544511,.,55 4110 55 11 552844.
(5535555555145455, 55,54,4455,55,44444,
2Π 6,5. 1511 )211,5515 55.9,5..,.12,5161.551955. 224,
15444(45.)Ι24,52Π22,5,1515444 4549 54 3552124535541.
253,45,1514444(5555.)138,511 2Π 65 55.
19,.5 1515 (abl. m) VH 24, 5 28, Transalpinam 2111, 5 6, 5
5, 1515 1 26, 44. 234, 5, 55, 40. 211 1455555515451Π15,52117355

 

