354

125,ι9.111111119191]1Π11,15,21,5.
ΠΠ11,15,111129,1580,9,11111111115-
mntffl4,fflm.wfflwm
Hmmtvffl,m.wmmffl2‚
1113512511. 1Ἥ76, 191111-
11199391999 11141, 10. 56, ι1
82183221281111515222 5H 2124191111
1751Πᾏ62 H, 9 515,9.)Ι
Ι21,1.43,19.ΠΠ16,14. V8,14.
ffiaHVOEwffllusmffl)
Ι 13, 14. 11 31,10 V 27,11.1Ἱ 38,
41111125 68 14. 11115191.) 119,
14. 20, 15. 27, 4. 40, 95. 53, 951Π2,
14. ΗΠ 19, 9, 1351, 50, 4, 56, 9
mmuffl4ffimQ4mm
1 3, 9. 4, 4. 11, 10. 40, 4. 11, 11. 40,
95255551593
10, 14. HI 8, 14. 1111 3, 9. 4, 9, V 4
4Q4ffi4ffi4Vffl4ffl.
MQ4WM444444,
4wmwmm144ffi4ffl,
555 wffim44flfflnw
4ffl,§fflmmfflmss3mffi
51942513593694711
13, 11. Π117,5 20,.15 ΠΠ189,.5
345 ,126,,,.1537150,1 ,,111145

stmwwffi4fflmfflsfflu
544. 711,191,.1151118,521,
5,23,.911Π4,,512,,,,1514120,
14715485 11199111,118,11.
22,1.24,,130,,544,,.99,485150,
1155ΠΜ85 m6,4
23,14.’11114,1127’,,.’151Ῑ3111Ἰ
7,15.22,11.31,1.32,15.35,11.38,
4mhmmffl.ssb,mm.ss,
Mwffl4ffl4ffififfl4ffl4ffl
12,.,15161.’,Ϊ289 ΠΠ18,9.19,1
V27,.,81131 4551151510,
effl4fflfflffsffl ffl4ss4
15525Η1,5.2,4.4159
ΒΜ55553 ae,ssffl,4
55ΗΠΝ,5ΜΗΜ.5
uwffloefflffiffifflffl stu
895513ψ56 5,5Ἧ
Mffffiffiffl4ffl4m9,4
5Μ525Ἦ4.ἏΜ5555
5ᾛΗ5553,5ὥ55,5
5955551οΗ3,5
3Μ1Ά155Π5,5.1Μ5.
Ή,5,ὯΜ9ἮΝ5Ἧ55
(5Η5,5Π51251Η,5
ὣΜ5ἮΏ1

’10,9,2,1,.181,5 19913,,,591. T.(= Τί195)110,1,·21,5

14, 10, 20, 10. 31 91551, 34, 10. tabernaculo (551.) VI 38,5 VH 46,.11

36,,’,’,,’.,,,1533543194491152,.9

tabernaculis 1961913515,

11141019,4 31,,1 32,,1 Π121,111)1111515.,51)1291 19511111 (951]

1,,245 ΠΠ12,1.19.13,11.25

Ι29,1.

127, 11. 15. 28,5,31,1, 359, 53, 11591915195111495
9111511141 1111511. 19, 5, tacuisse 1 14, 14. 1,1999511171.
1529, 11 43, 14. 659 89,4 4110 15111155191329

(abl. 94.),19 5 1515 359 35,1.191195(55.1)1ῙΠ73,91. 1911115111

36W40½4031.4ffl,4 VH

11125

9549451159,91915159111111519511191 15441. 1Π20,

5159111119159314. 117,

1.ΜἮΜ5Ἧ59

1911Π10,.926,4,9.,311936141951141105)1615(011)4044

4354511489771801988
14. 1991951559 11',9‚.’}4111131

111015) 11219ΙΠ1169 1411.
VI8‚.,5[334]40,.4VII’334.

111191915595194911919599119914992593545

14199994 483333
34, 11. 3151 27, 4. 37, 4, 111 13,
15551555555
19. 66, 14. 80, 4 81, 9 9919 51 f)
Π112,5,ΠΠ’,.’,.164174151Π8,
9955Μ,9859555
16, 19. 25, 9. 26, 4, 28, 5. 31, 44. 32,
mffi4ss3n.44ffi.8n8
1w,4w‚4wffi4ffifflffl,4,m

2mss8nwffl4ffluffi
m4ffiw9sshmmffl

5.,4015..,194446,,1Π8,9.32,.11
1113129141014,11„4†41
2411244284111131244
5Ἣ55559ψ599.5,2,
9,,,31135,.914,1..,9.9711,1
121415121152411289
595553959353
491154955511134543,
91Π4,58,.510,.,,5154,1711.
2411429133136151091137
11.,.,5431547,,,50954,5.,.“5796,
9,,’631915117591199185

ιι 32, 14. 33 4 13, 5 4 11. 19. 22, 1919911119.)111,11 1155151181

 

